251	318.4
252	281.6
253	300.9
254	295.6
255	305.1
256	306.2
257	298.4
258	305.1
259	300.1
260	283.6
261	292.1
262	324.9
263	291.2
264	292.0
265	286.5
266	306.6
267	297.8
268	305.8
269	288.9
270	291.6
271	272.5
272	274.5
273	304.1
274	284.0
275	292.8
276	280.3
277	291.8
278	306.2
279	287.0
280	321.2
281	298.4
282	285.5
283	301.4
284	313.3
285	294.4
286	277.0
287	303.1
288	269.8
289	291.3
290	311.1
291	299.4
292	315.0
293	281.0
294	280.9
295	279.4
296	266.0
297	290.5
298	308.8
299	304.8
300	287.4
301	305.2
302	295.0
303	289.1
304	305.7
305	304.1
306	316.2
307	307.7
308	310.7
309	278.7
310	301.1
311	299.7
312	293.0
313	276.2
314	305.0
315	301.2
316	316.6
317	299.2
318	288.0
319	314.2
320	284.6
321	293.1
322	302.8
323	309.5
324	300.0
325	319.9
326	294.3
327	310.7
328	299.8
329	289.0
330	294.4
331	281.4
332	302.3
333	267.6
334	315.4
335	307.8
336	289.5
337	307.3
338	310.8
339	297.6
340	296.6
341	272.4
342	340.6
343	315.4
344	267.2
345	272.6
346	267.5
347	294.3
348	293.8
349	285.8
350	297.1
351	318.2
352	281.4
353	293.5
354	284.5
355	309.6
356	268.5
357	295.1
358	291.9
359	292.3
360	286.4
361	304.2
362	302.1
363	300.6
364	284.2
365	297.7
366	304.0
367	293.5
368	275.4
369	263.7
370	283.3
371	283.0
372	280.8
373	297.5
374	298.7
375	293.1
376	300.7
377	299.0
378	264.0
379	298.7
380	293.3
381	290.2
382	298.2
383	299.2
384	317.7
385	309.2
386	287.8
387	294.3
388	306.1
389	312.1
390	297.9
391	295.0
392	280.7
393	318.0
394	269.3
395	267.3
396	296.5
397	300.9
398	312.8
399	274.0
400	309.7
401	269.5
402	289.3
403	283.8
404	295.4
405	267.1
406	291.2
407	300.5
408	278.5
409	298.1
410	286.3
411	301.8
412	280.4
413	290.2
414	302.8
415	296.9
416	307.4
417	287.4
418	298.3
419	300.7
420	288.6
421	276.1
422	303.2
423	286.5
424	295.6
425	296.4
426	304.7
427	312.1
428	271.4
429	295.9
430	299.1
431	288.5
432	285.0
433	308.4
434	298.5
435	309.0
436	300.1
437	301.2
438	300.3
439	315.3
440	280.8
441	310.8
442	267.9
443	281.4
444	273.9
445	279.1
446	282.6
447	280.5
448	292.4
449	297.9
450	295.0
451	281.4
452	301.0
453	313.7
454	283.2
455	309.5
456	327.9
457	290.6
458	291.5
459	287.6
460	282.7
461	277.7
462	301.1
463	295.0
464	294.3
465	276.3
466	323.5
467	292.8
468	308.2
469	285.6
470	269.3
471	289.3
472	312.8
473	278.7
474	301.8
475	297.5
476	282.0
477	287.2
478	294.6
479	295.3
480	320.1
481	288.9
482	281.2
483	281.5
484	286.1
485	317.7
486	314.2
487	292.0
488	302.2
489	288.7
490	290.9
491	294.0
492	284.6
493	317.7
494	294.4
495	289.3
496	270.9
497	287.5
498	312.5
499	281.9
500	300.8
251	0.361
252	0.4866
253	0.2252
254	0.1814
255	0.2023
256	0.3856
257	0.3245
258	0.2
259	0.5525
260	0.3192
261	0.5642
262	0.6235
263	0.3338
264	0.09476
265	0.3287
266	0.04381
267	0.44
268	0.2489
269	0.6593
270	0.3741
271	0.1392
272	0.579
273	0.2861
274	0.2328
275	0.6193
276	0.3246
277	0.3836
278	0.2687
279	0.04071
280	0.1924
281	0.1703
282	0.3876
283	0.09247
284	0.6917
285	0.4819
286	0.4285
287	0.4629
288	0.4223
289	0.1866
290	0.447
291	0.151
292	0.3512
293	0.3674
294	0.05586
295	0.4432
296	0.2055
297	0.1484
298	0.3436
299	0.2912
300	0.3132
301	0.1344
302	0.1579
303	0.07558
304	0.2428
305	0.3698
306	0.1712
307	0.2036
308	0.2264
309	0.6346
310	0.5297
311	0.2081
312	0.4273
313	0.3556
314	0.2983
315	0.7923
316	0.01939
317	0.3431
318	0.3939
319	0.1468
320	0.1172
321	0.3421
322	0.2925
323	0.1892
324	0.1853
325	0.2047
326	0.395
327	0.58
328	0.3089
329	0.3794
330	0.5294
331	0.2032
332	0.08476
333	0.4942
334	0.09889
335	0.1805
336	0.5085
337	0.2166
338	0.5784
339	0.1579
340	0.4196
341	0.5903
342	0.3101
343	0.4794
344	0.5398
345	0.2271
346	0.1953
347	0.439
348	0.2334
349	0.5247
350	0.09913
351	0.3716
352	0.2181
353	0.1506
354	0.125
355	0.1672
356	0.2779
357	0.3075
358	0.2538
359	0.3262
360	0.1584
361	0.3413
362	0.1872
363	0.6917
364	0.1913
365	0.1585
366	0.1758
367	0.0568
368	0.3006
369	0.1525
370	0.6716
371	0.4325
372	0.04861
373	0.3571
374	0.1052
375	0.2225
376	0.8474
377	0.08151
378	0.4986
379	0.7728
380	0.363
381	0.1907
382	0.2625
383	0.1947
384	0.4951
385	0.1731
386	0.4317
387	0.2778
388	0.6833
389	0.2912
390	0.3582
391	0.4084
392	0.1397
393	0.09022
394	0.2018
395	0.3973
396	0.2458
397	0.4461
398	0.06016
399	0.6288
400	0.3886
401	0.2201
402	0.1035
403	0.2378
404	0.1448
405	0.2009
406	0.1213
407	0.2178
408	0.4148
409	0.2382
410	0.4428
411	0.4479
412	0.02856
413	0.5211
414	0.07499
415	0.04078
416	0.3806
417	0.5493
418	0.4131
419	0.3199
420	0.2049
421	0.5874
422	0.2668
423	0.5223
424	0.3759
425	0.4472
426	0.3909
427	0.09592
428	0.3448
429	0.1827
430	0.1485
431	0.2958
432	0.2715
433	0.362
434	0.2609
435	0.1335
436	0.5564
437	0.5961
438	0.2937
439	0.2934
440	0.2675
441	0.1226
442	0.1442
443	0.2418
444	0.52
445	0.4395
446	0.342
447	0.3609
448	0.1567
449	0.1203
450	0.1565
451	0.05473
452	0.4382
453	0.1227
454	0.1033
455	0.7627
456	0.2311
457	0.1697
458	0.169
459	0.2476
460	0.4564
461	0.2773
462	0.4364
463	0.1329
464	0.2257
465	0.1597
466	0.2668
467	0.09431
468	0.03296
469	0.1973
470	0.2877
471	0.234
472	0.1447
473	0.3044
474	0.4822
475	0.04495
476	0.3006
477	0.3737
478	0.506
479	0.5292
480	0.09544
481	0.306
482	0.4413
483	0.1232
484	0.4186
485	0.06352
486	0.3582
487	0.207
488	0.2113
489	0.1672
490	0.124
491	0.4623
492	0.2875
493	0.351
494	0.3586
495	0.3574
496	0.2831
497	0.1017
498	0.6102
499	0.1131
500	0.1802
251	0.06762
252	0.08679
253	0.2337
254	0.1495
255	0.3873
256	0.4677
257	0.1148
258	0.341
259	0.1757
260	0.1614
261	0.1322
262	0.1135
263	0.1166
264	0.4369
265	0.3772
266	0.07696
267	0.08294
268	0.2531
269	0.1494
270	0.5401
271	0.7005
272	0.1362
273	0.3595
274	0.2853
275	0.2728
276	0.05143
277	0.1617
278	0.495
279	0.6136
280	0.4306
281	0.7247
282	0.3934
283	0.446
284	0.05626
285	0.07662
286	0.08556
287	0.3308
288	0.3215
289	0.2888
290	0.3357
291	0.6678
292	0.3377
293	0.2052
294	0.4218
295	0.2401
296	0.2939
297	0.3863
298	0.1095
299	0.3784
300	0.1509
301	0.2926
302	0.3372
303	0.2036
304	0.2949
305	0.3312
306	0.3194
307	0.2104
308	0.3059
309	0.1761
310	0.1475
311	0.1287
312	0.1946
313	0.06893
314	0.5527
315	0.04873
316	0.2938
317	0.3663
318	0.3145
319	0.1078
320	0.4507
321	0.2259
322	0.3485
323	0.5917
324	0.102
325	0.2237
326	0.1631
327	0.2228
328	0.2871
329	0.2702
330	0.2304
331	0.1161
332	0.5481
333	0.1371
334	0.487
335	0.2157
336	0.2205
337	0.3842
338	0.2286
339	0.07503
340	0.3063
341	0.09967
342	0.09583
343	0.09892
344	0.06535
345	0.1978
346	0.1353
347	0.2425
348	0.3319
349	0.1484
350	0.5886
351	0.3363
352	0.1083
353	0.3905
354	0.4331
355	0.2788
356	0.1057
357	0.2294
358	0.2468
359	0.07537
360	0.2265
361	0.3364
362	0.2525
363	0.124
364	0.05953
365	0.6174
366	0.7472
367	0.5302
368	0.07578
369	0.3898
370	0.1682
371	0.293
372	0.1781
373	0.2639
374	0.3685
375	0.2472
376	0.05003
377	0.2678
378	0.1637
379	0.0646
380	0.2962
381	0.0393
382	0.373
383	0.6842
384	0.2543
385	0.2938
386	0.4143
387	0.3782
388	0.09111
389	0.2946
390	0.1847
391	0.08194
392	0.4228
393	0.2281
394	0.2003
395	0.2406
396	0.211
397	0.3778
398	0.5181
399	0.2012
400	0.1895
401	0.1923
402	0.6429
403	0.02153
404	0.3056
405	0.4661
406	0.327
407	0.1882
408	0.1034
409	0.04379
410	0.1391
411	0.3293
412	0.5139
413	0.06538
414	0.3732
415	0.6985
416	0.214
417	0.2865
418	0.2715
419	0.4335
420	0.3055
421	0.1129
422	0.2867
423	0.04793
424	0.2719
425	0.1466
426	0.06187
427	0.5442
428	0.2273
429	0.3292
430	0.4874
431	0.1702
432	0.4712
433	0.2311
434	0.323
435	0.3651
436	0.1954
437	0.1664
438	0.1016
439	0.2258
440	0.1317
441	0.4467
442	0.3073
443	0.2646
444	0.09498
445	0.05397
446	0.2206
447	0.0452
448	0.4272
449	0.1581
450	0.1427
451	0.3097
452	0.2221
453	0.1701
454	0.2081
455	0.04929
456	0.2183
457	0.3492
458	0.2563
459	0.3566
460	0.04576
461	0.07178
462	0.1627
463	0.4024
464	0.2301
465	0.117
466	0.1704
467	0.2598
468	0.2189
469	0.2966
470	0.04361
471	0.2703
472	0.2376
473	0.1365
474	0.3323
475	0.09568
476	0.3043
477	0.02585
478	0.3798
479	0.07222
480	0.2475
481	0.453
482	0.363
483	0.3496
484	0.1666
485	0.2791
486	0.1842
487	0.108
488	0.2483
489	0.3782
490	0.2153
491	0.2652
492	0.2203
493	0.3093
494	0.2095
495	0.1819
496	0.4905
497	0.397
498	0.1654
499	0.04445
500	0.06606
251	0.5567
252	0.09121
253	0.239
254	0.1986
255	0.208
256	0.01775
257	0.242
258	0.2954
259	0.08529
260	0.4158
261	0.09671
262	0.03477
263	0.3521
264	0.2688
265	0.04384
266	0.8335
267	0.3123
268	0.3451
269	0.07266
270	0.05278
271	0.1118
272	0.2641
273	0.2382
274	0.1488
275	0.09894
276	0.007665
277	0.2729
278	0.2071
279	0.1765
280	0.05216
281	0.1041
282	0.1902
283	0.01258
284	0.1105
285	0.06721
286	0.09056
287	0.1003
288	0.02785
289	0.0924
290	0.05648
291	0.05919
292	0.05822
293	0.04543
294	0.2522
295	0.1311
296	0.1442
297	0.2288
298	0.5465
299	0.2781
300	0.4471
301	0.0129
302	0.2249
303	0.03472
304	0.2927
305	0.21
306	0.2604
307	0.1767
308	0.3832
309	0.1045
310	0.02144
311	0.07149
312	0.2706
313	0.2871
314	0.1373
315	0.12
316	0.3625
317	0.1176
318	0.1724
319	0.6661
320	0.05064
321	0.0566
322	0.2489
323	0.1995
324	0.03332
325	0.5337
326	0.3545
327	0.06413
328	0.1805
329	0.06107
330	0.1254
331	0.0973
332	0.3014
333	0.3488
334	0.03088
335	0.4811
336	0.09561
337	0.3521
338	0.1275
339	0.1188
340	0.141
341	0.2752
342	0.2112
343	0.2632
344	0.08966
345	0.3106
346	0.3309
347	0.1685
348	0.2935
349	0.06749
350	0.1844
351	0.09416
352	0.2618
353	0.3449
354	0.1201
355	0.4898
356	0.1213
357	0.3358
358	0.44
359	0.5172
360	0.6054
361	0.1826
362	0.4108
363	0.0149
364	0.6961
365	0.1015
366	0.06365
367	0.2796
368	0.5233
369	0.2564
370	0.04304
371	0.1465
372	0.6885
373	0.04611
374	0.1155
375	0.2679
376	0.0862
377	0.6374
378	0.1965
379	0.00617
380	0.1104
381	0.3404
382	0.1697
383	0.0536
384	0.05544
385	0.3954
386	0.08037
387	0.2435
388	0.06437
389	0.229
390	0.1649
391	0.01833
392	0.3775
393	0.4895
394	0.1628
395	0.07147
396	0.2134
397	0.1748
398	0.2644
399	0.137
400	0.3656
401	0.02346
402	0.2013
403	0.1755
404	0.4933
405	0.01107
406	0.2536
407	0.1137
408	0.1202
409	0.2599
410	0.3607
411	0.0865
412	0.3527
413	0.09056
414	0.5024
415	0.2048
416	0.1027
417	0.06059
418	0.1298
419	0.2264
420	0.2858
421	0.1003
422	0.2069
423	0.4028
424	0.2917
425	0.2816
426	0.2066
427	0.2059
428	0.03262
429	0.05807
430	0.2118
431	0.208
432	0.1339
433	0.341
434	0.2478
435	0.259
436	0.2167
437	0.05665
438	0.2808
439	0.2584
440	0.3493
441	0.274
442	0.05255
443	0.1066
444	0.1596
445	0.1547
446	0.2852
447	0.1995
448	0.07532
449	0.6459
450	0.1082
451	0.007488
452	0.03097
453	0.1921
454	0.01436
455	0.1804
456	0.3409
457	0.2002
458	0.2633
459	0.06232
460	0.4857
461	0.08687
462	0.311
463	0.2046
464	0.01773
465	0.1247
466	0.3963
467	0.4986
468	0.2104
469	0.346
470	0.1096
471	0.3601
472	0.501
473	0.03062
474	0.144
475	0.03569
476	0.1268
477	0.01946
478	0.1055
479	0.1329
480	0.1857
481	0.1162
482	0.148
483	0.3802
484	0.1723
485	0.5823
486	0.3622
487	0.3954
488	0.21
489	0.2763
490	0.563
491	0.01018
492	0.3633
493	0.1947
494	0.3239
495	0.2916
496	0.03943
497	0.1198
498	0.19
499	0.1426
500	0.08785
251	0.01462
252	0.3354
253	0.3021
254	0.4705
255	0.2024
256	0.1289
257	0.3187
258	0.1636
259	0.1865
260	0.1036
261	0.207
262	0.2282
263	0.1975
264	0.1995
265	0.2502
266	0.04577
267	0.1647
268	0.1529
269	0.1186
270	0.03306
271	0.04845
272	0.02069
273	0.1161
274	0.3331
275	0.008987
276	0.6163
277	0.1818
278	0.02924
279	0.1692
280	0.3248
281	9.313E-4
282	0.02876
283	0.449
284	0.1415
285	0.3743
286	0.3954
287	0.106
288	0.2283
289	0.4321
290	0.1608
291	0.122
292	0.2529
293	0.3819
294	0.2701
295	0.1856
296	0.3564
297	0.2366
298	3.724E-4
299	0.05232
300	0.08882
301	0.5601
302	0.28
303	0.6861
304	0.1697
305	0.08895
306	0.2489
307	0.4092
308	0.0845
309	0.08491
310	0.3014
311	0.5916
312	0.1075
313	0.2883
314	0.01176
315	0.03905
316	0.3243
317	0.173
318	0.1192
319	0.07924
320	0.3814
321	0.3754
322	0.1101
323	0.01966
324	0.6794
325	0.03799
326	0.08731
327	0.1331
328	0.2235
329	0.2893
330	0.1147
331	0.5834
332	0.06576
333	0.01997
334	0.3832
335	0.1227
336	0.1754
337	0.04703
338	0.06551
339	0.6482
340	0.1332
341	0.03482
342	0.3828
343	0.1586
344	0.3052
345	0.2645
346	0.3385
347	0.1501
348	0.1411
349	0.2595
350	0.1279
351	0.1979
352	0.4118
353	0.1141
354	0.3218
355	0.0642
356	0.4951
357	0.1274
358	0.05943
359	0.08127
360	0.009685
361	0.1397
362	0.1496
363	0.1694
364	0.05303
365	0.1225
366	0.0133
367	0.1334
368	0.1003
369	0.2013
370	0.1172
371	0.128
372	0.08482
373	0.3329
374	0.4108
375	0.2624
376	0.01638
377	0.01324
378	0.1412
379	0.1564
380	0.2304
381	0.4296
382	0.1947
383	0.06741
384	0.1952
385	0.1377
386	0.07371
387	0.1006
388	0.1613
389	0.1852
390	0.2923
391	0.4913
392	0.06
393	0.1922
394	0.4351
395	0.2906
396	0.3298
397	0.001203
398	0.1574
399	0.03289
400	0.05631
401	0.5641
402	0.05228
403	0.5652
404	0.05628
405	0.322
406	0.2981
407	0.4803
408	0.3615
409	0.4581
410	0.05737
411	0.1363
412	0.1048
413	0.323
414	0.04942
415	0.05593
416	0.3027
417	0.1035
418	0.1856
419	0.0202
420	0.2038
421	0.1994
422	0.2396
423	0.02694
424	0.06047
425	0.1245
426	0.3406
427	0.154
428	0.3953
429	0.43
430	0.1523
431	0.3261
432	0.1234
433	0.06594
434	0.1683
435	0.2424
436	0.03146
437	0.1809
438	0.3238
439	0.2224
440	0.2516
441	0.1568
442	0.496
443	0.387
444	0.2255
445	0.3519
446	0.1523
447	0.3945
448	0.3407
449	0.07567
450	0.5927
451	0.6281
452	0.3088
453	0.5151
454	0.6743
455	0.007551
456	0.2096
457	0.281
458	0.3114
459	0.3336
460	0.01215
461	0.5641
462	0.08992
463	0.2601
464	0.5264
465	0.5986
466	0.1664
467	0.1473
468	0.5377
469	0.1601
470	0.5591
471	0.1356
472	0.1168
473	0.5285
474	0.04146
475	0.8237
476	0.2683
477	0.581
478	0.008782
479	0.2657
480	0.4714
481	0.1248
482	0.04769
483	0.1471
484	0.2426
485	0.07509
486	0.09549
487	0.2895
488	0.3303
489	0.1783
490	0.09775
491	0.2623
492	0.1289
493	0.145
494	0.1081
495	0.1691
496	0.187
497	0.3814
498	0.03446
499	0.6998
500	0.6659
251	0.08721
252	0.2745
253	0.07003
254	0.08329
255	0.8834
256	0.09244
257	0.79
258	0.06907
259	0.5594
260	0.3342
261	0.8172
262	0.1083
263	0.03348
264	0.1266
265	0.2866
266	0.3411
267	0.2979
268	0.1375
269	0.09533
270	0.2502
271	0.164
272	0.6549
273	0.2621
274	0.2098
275	0.3929
276	0.5205
277	0.4425
278	7.012E-4
279	0.09428
280	0.3403
281	0.1332
282	0.01711
283	0.03332
284	0.3803
285	0.1876
286	0.248
287	0.2581
288	0.05255
289	0.1752
290	0.07417
291	0.0534
292	0.6949
293	0.4313
294	0.02851
295	0.1963
296	0.4665
297	0.1843
298	0.0781
299	0.432
300	0.08609
301	0.9328
302	0.3602
303	0.5974
304	0.2326
305	0.1339
306	0.1599
307	0.4368
308	0.09835
309	0.0649
310	0.1992
311	0.2112
312	0.5071
313	0.3445
314	0.2181
315	0.3594
316	0.1968
317	0.284
318	0.3336
319	0.3197
320	7.768E-5
321	0.205
322	0.5198
323	0.1236
324	0.1275
325	0.373
326	0.09061
327	0.3084
328	0.1065
329	0.2492
330	0.001623
331	0.3144
332	9.579E-4
333	0.2486
334	0.2908
335	0.3884
336	0.3617
337	0.2259
338	0.2363
339	0.3606
340	0.1199
341	0.3142
342	0.1092
343	0.004243
344	0.0127
345	0.06419
346	0.5527
347	0.166
348	0.08205
349	0.1852
350	0.03511
351	0.3306
352	0.1318
353	0.3531
354	0.4472
355	0.2062
356	0.4279
357	0.3654
358	0.4293
359	0.5363
360	0.5217
361	0.4266
362	0.2669
363	0.01798
364	0.2629
365	0.1349
366	0.2353
367	0.09712
368	0.2912
369	0.3501
370	0.0442
371	0.1703
372	0.3049
373	0.5752
374	0.08866
375	0.4843
376	0.2476
377	0.2458
378	0.3622
379	0.1004
380	0.447
381	0.5182
382	0.1382
383	0.07157
384	0.3282
385	0.5041
386	0.06907
387	0.2342
388	0.1085
389	0.1638
390	0.715
391	0.2211
392	0.1272
393	0.6523
394	0.09366
395	0.1557
396	0.139
397	0.3872
398	0.02264
399	0.5008
400	0.1734
401	0.09387
402	0.02801
403	0.2839
404	0.1261
405	0.1922
406	0.1258
407	0.7178
408	0.485
409	0.1072
410	0.02791
411	0.2046
412	0.12
413	0.475
414	0.4576
415	0.5472
416	0.0379
417	0.4557
418	0.2844
419	0.03478
420	0.1168
421	0.09299
422	0.01077
423	0.2367
424	0.06246
425	0.4523
426	0.2418
427	0.1176
428	0.5359
429	0.3444
430	0.01012
431	0.3958
432	0.006957
433	0.2935
434	0.2566
435	0.4204
436	0.2111
437	0.1942
438	0.3732
439	0.00577
440	0.1574
441	0.2668
442	0.122
443	0.396
444	0.7833
445	0.09279
446	0.1944
447	0.07606
448	0.08607
449	0.3534
450	0.2267
451	0.0756
452	0.07263
453	0.1957
454	0.5412
455	0.9356
456	0.1835
457	0.1349
458	0.05517
459	0.4688
460	0.4589
461	0.3995
462	0.2669
463	0.4108
464	0.002109
465	0.21
466	0.1184
467	0.1977
468	0.02011
469	0.6741
470	0.199
471	6.493E-4
472	0.06378
473	0.3368
474	0.1999
475	0.3269
476	0.1189
477	0.2323
478	0.7634
479	0.2258
480	0.3763
481	0.1461
482	0.4711
483	0.4139
484	0.6635
485	0.1618
486	0.006063
487	0.03141
488	0.231
489	0.1558
490	0.1288
491	0.3654
492	0.2551
493	0.1284
494	0.1415
495	0.4293
496	0.2575
497	0.08628
498	0.1656
499	0.3851
500	0.4974
251	0.3166
252	0.04196
253	0.1366
254	0.1419
255	0.0466
256	0.1962
257	0.01786
258	0.4508
259	0.09947
260	0.04538
261	0.1002
262	0.03891
263	0.05998
264	0.06337
265	0.4097
266	0.1325
267	0.4278
268	0.102
269	0.1672
270	0.4571
271	0.5215
272	0.01823
273	0.5147
274	0.2307
275	0.4337
276	0.2529
277	0.2896
278	0.06165
279	0.5083
280	0.2258
281	0.1796
282	0.04706
283	0.6286
284	0.1104
285	0.05533
286	0.2652
287	0.0813
288	0.3221
289	0.1047
290	0.3262
291	0.6199
292	0.1468
293	0.2009
294	0.1688
295	0.3192
296	0.1249
297	0.5026
298	0.1287
299	0.1895
300	0.2062
301	0.006672
302	0.1473
303	0.01364
304	0.1455
305	0.006949
306	0.5059
307	0.2213
308	0.3219
309	0.3743
310	0.5008
311	0.07386
312	0.09922
313	0.4243
314	0.6419
315	0.3903
316	0.5445
317	0.2663
318	0.01326
319	0.2397
320	0.746
321	0.1218
322	0.07195
323	0.02868
324	0.2721
325	0.07631
326	0.1272
327	0.2914
328	0.06055
329	0.1956
330	0.8618
331	0.04386
332	0.3575
333	0.1248
334	0.3541
335	0.2213
336	0.2408
337	0.03839
338	0.02053
339	0.07584
340	0.02532
341	0.1425
342	0.2216
343	0.2009
344	0.05302
345	0.2488
346	0.1687
347	0.1638
348	0.6631
349	0.1721
350	0.5022
351	0.1272
352	0.3172
353	0.07592
354	0.332
355	0.5088
356	0.06866
357	0.08346
358	0.3507
359	0.2873
360	0.1133
361	0.1549
362	0.2792
363	0.701
364	0.1283
365	0.4602
366	0.03169
367	0.6035
368	0.226
369	0.3954
370	0.3659
371	0.3674
372	0.08394
373	0.331
374	0.4278
375	0.002897
376	0.05515
377	0.1534
378	0.1554
379	0.01929
380	0.3268
381	0.08372
382	0.4649
383	0.5359
384	0.5739
385	0.1588
386	0.7689
387	0.3742
388	0.02603
389	0.2174
390	0.01831
391	0.08758
392	0.4523
393	0.006829
394	0.3936
395	0.4596
396	0.4282
397	0.05437
398	0.2125
399	0.05983
400	0.1935
401	0.08451
402	0.4397
403	0.04
404	0.04886
405	0.416
406	0.2159
407	0.1238
408	0.1985
409	0.3042
410	0.3676
411	0.1966
412	0.2095
413	0.07294
414	0.3078
415	0.1325
416	0.006233
417	0.206
418	0.07768
419	0.4312
420	0.1127
421	0.0997
422	0.2504
423	0.1271
424	0.7055
425	0.06277
426	0.01645
427	0.3636
428	0.03957
429	0.2351
430	0.1424
431	0.1289
432	0.1286
433	0.08648
434	0.4681
435	0.3012
436	0.3728
437	0.0833
438	0.02361
439	0.1846
440	0.1561
441	0.2296
442	0.5007
443	0.2959
444	0.0379
445	0.3334
446	0.3468
447	0.1671
448	0.1961
449	0.03023
450	0.1247
451	0.1305
452	0.3619
453	0.5842
454	0.1143
455	3.098E-4
456	0.2849
457	0.1195
458	0.3157
459	0.3208
460	0.3315
461	0.1201
462	0.2566
463	0.2311
464	0.5197
465	0.2508
466	0.1255
467	0.08657
468	0.2583
469	0.2069
470	0.1805
471	0.1638
472	0.04437
473	0.3842
474	0.05494
475	0.08084
476	0.1591
477	0.109
478	0.02262
479	0.1082
480	0.1372
481	0.7692
482	0.4221
483	0.2564
484	0.08019
485	0.2608
486	0.1713
487	0.1007
488	0.129
489	0.4161
490	0.3
491	0.3556
492	0.3802
493	0.1824
494	0.1446
495	0.2413
496	0.3426
497	0.1797
498	0.2636
499	0.04752
500	0.1625
251	0.4369
252	0.4803
253	0.04425
254	0.1122
255	0.05092
256	0.3077
257	0.01063
258	0.05058
259	0.3264
260	0.6056
261	0.02386
262	0.6173
263	0.3568
264	0.08753
265	0.2032
266	0.1193
267	0.2709
268	0.5419
269	0.04746
270	0.264
271	0.1892
272	0.2783
273	0.1379
274	0.3361
275	0.1311
276	0.01925
277	0.2671
278	0.6944
279	0.1588
280	0.1591
281	0.0686
282	0.256
283	0.1829
284	0.1052
285	0.594
286	0.02573
287	0.185
288	0.2819
289	0.1537
290	0.2259
291	0.05976
292	0.06723
293	0.07829
294	0.4052
295	0.3937
296	0.2145
297	0.1683
298	0.5824
299	0.03749
300	0.3031
301	0.01324
302	0.1867
303	0.2242
304	0.04509
305	0.07402
306	0.1874
307	0.2063
308	0.1903
309	0.01564
310	0.2131
311	0.1968
312	0.02412
313	0.1538
314	0.05444
315	0.08495
316	0.05655
317	0.4333
318	0.5307
319	0.1314
320	0.1748
321	0.03407
322	0.08753
323	0.4178
324	0.2214
325	0.4969
326	0.5341
327	0.102
328	0.6713
329	0.1209
330	0.1035
331	0.2958
332	0.4777
333	0.1155
334	0.3537
335	0.04211
336	0.2404
337	0.299
338	0.3384
339	0.02439
340	0.3718
341	0.3285
342	0.6203
343	0.6946
344	0.06642
345	0.4028
346	0.2338
347	0.6386
348	0.2445
349	0.1291
350	0.3005
351	0.2259
352	0.4813
353	0.3726
354	0.01391
355	0.05512
356	0.1523
357	0.4372
358	0.07387
359	0.1024
360	0.1
361	0.1011
362	0.2065
363	0.02197
364	0.5457
365	0.05038
366	0.1755
367	0.2145
368	0.05246
369	0.01893
370	0.2499
371	0.1566
372	0.01681
373	0.04947
374	0.1957
375	0.1059
376	0.6965
377	0.3221
378	0.005476
379	0.212
380	0.06398
381	0.3377
382	0.3216
383	0.1239
384	0.04957
385	0.3022
386	0.06187
387	0.2011
388	0.4719
389	0.5032
390	0.06211
391	0.6058
392	0.3603
393	0.268
394	0.379
395	0.1512
396	0.1362
397	0.1025
398	0.4542
399	0.1646
400	0.48
401	0.4364
402	0.2879
403	0.4444
404	0.7856
405	0.1157
406	0.462
407	0.007264
408	0.1583
409	0.02806
410	0.2436
411	0.1932
412	0.03824
413	0.3451
414	0.185
415	0.1299
416	0.6766
417	0.3064
418	0.1439
419	0.2124
420	0.1091
421	0.04444
422	0.6769
423	0.3275
424	0.2239
425	0.331
426	0.6609
427	0.2557
428	0.1453
429	0.2979
430	0.2392
431	0.0919
432	0.7176
433	0.5867
434	0.05226
435	0.2238
436	0.01681
437	0.3616
438	0.08086
439	0.3539
440	0.007469
441	0.2974
442	0.1927
443	0.09258
444	0.1353
445	0.36
446	0.3593
447	0.4257
448	0.2125
449	0.3161
450	0.1104
451	0.1725
452	0.2564
453	0.1036
454	0.2658
455	0.03553
456	0.2578
457	0.177
458	0.03247
459	0.1633
460	0.05434
461	0.3381
462	0.2377
463	0.06862
464	0.2784
465	0.02341
466	0.7524
467	0.5591
468	0.06498
469	0.01646
470	0.3283
471	0.494
472	0.1605
473	0.2546
474	0.02767
475	0.3676
476	0.4075
477	0.643
478	0.1182
479	0.5577
480	0.02518
481	0.01743
482	0.05237
483	0.02404
484	0.1663
485	0.2115
486	0.6281
487	0.2288
488	0.1068
489	0.3806
490	0.4279
491	0.2522
492	0.02594
493	0.1708
494	0.4103
495	0.1733
496	0.05644
497	0.4197
498	0.3013
499	0.009135
500	0.01694
251	0.1593
252	0.2033
253	0.7491
254	0.6627
255	0.0191
256	0.4036
257	0.1815
258	0.4295
259	0.01475
260	0.01481
261	0.05867
262	0.2356
263	0.5497
264	0.7225
265	0.1005
266	0.4071
267	0.003396
268	0.2185
269	0.6901
270	0.02877
271	0.1253
272	0.04861
273	0.08526
274	0.2234
275	0.04222
276	0.2074
277	8.208E-4
278	0.2432
279	0.2386
280	0.2748
281	0.6186
282	0.6798
283	0.1552
284	0.4041
285	0.1631
286	0.4611
287	0.4756
288	0.3435
289	0.5664
290	0.3737
291	0.2669
292	0.09107
293	0.2896
294	0.3976
295	0.09085
296	0.194
297	0.1448
298	0.2108
299	0.3411
300	0.4045
301	0.04728
302	0.3058
303	0.1648
304	0.5768
305	0.7852
306	0.1467
307	0.1355
308	0.3894
309	0.5452
310	0.08681
311	0.5182
312	0.3696
313	0.0774
314	0.0855
315	0.1654
316	0.2022
317	0.01641
318	0.1225
319	0.3092
320	0.07911
321	0.6392
322	0.3207
323	0.4299
324	0.379
325	0.05383
326	0.248
327	0.2982
328	0.1617
329	0.4344
330	0.03308
331	0.3459
332	0.1639
333	0.5111
334	0.001458
335	0.3483
336	0.1572
337	0.4367
338	0.4049
339	0.5392
340	0.483
341	0.2148
342	0.04889
343	0.1002
344	0.8679
345	0.2842
346	0.04478
347	0.0315
348	0.01039
349	0.5137
350	0.1621
351	0.3164
352	0.06976
353	0.1983
354	0.2069
355	0.2299
356	0.3512
357	0.1139
358	0.1461
359	0.07404
360	0.2649
361	0.3174
362	0.2475
363	0.259
364	0.06303
365	0.3545
366	0.5574
367	0.08487
368	0.4304
369	0.2356
370	0.34
371	0.3057
372	0.5944
373	0.04427
374	0.2878
375	0.4068
376	7.099E-4
377	0.2787
378	0.4769
379	0.6683
380	0.1623
381	0.06041
382	0.07536
383	0.2686
384	0.04827
385	0.03486
386	0.1001
387	0.1904
388	0.3935
389	0.1156
390	0.2045
391	0.08546
392	0.06019
393	0.07285
394	0.1338
395	0.2335
396	0.2967
397	0.4559
398	0.3107
399	0.2748
400	0.1532
401	0.3852
402	0.2443
403	0.2317
404	0.03943
405	0.2761
406	0.1963
407	0.1511
408	0.1583
409	0.5605
410	0.3608
411	0.4055
412	0.6323
413	0.1069
414	0.04956
415	0.1904
416	0.2792
417	0.03193
418	0.4941
419	0.3216
420	0.6614
421	0.7629
422	0.06189
423	0.3087
424	0.008087
425	0.154
426	0.08093
427	0.2631
428	0.2793
429	0.1226
430	0.6083
431	0.3834
432	0.1469
433	0.03332
434	0.2231
435	0.05464
436	0.3993
437	0.3608
438	0.5223
439	0.4558
440	0.679
441	0.2061
442	0.1846
443	0.2155
444	0.04348
445	0.2138
446	0.09954
447	0.3311
448	0.5054
449	0.3002
450	0.5382
451	0.6214
452	0.3091
453	0.1164
454	0.07865
455	0.0286
456	0.2737
457	0.5686
458	0.5966
459	0.04719
460	0.1552
461	0.1424
462	0.2388
463	0.2895
464	0.1997
465	0.5158
466	0.003691
467	0.1566
468	0.6566
469	0.1025
470	0.2922
471	0.3416
472	0.7313
473	0.02429
474	0.7175
475	0.2247
476	0.3145
477	0.01567
478	0.09577
479	0.1083
480	0.4613
481	0.06725
482	0.05451
483	0.3056
484	0.09004
485	0.3659
486	0.1945
487	0.639
488	0.5333
489	0.04742
490	0.1433
491	0.02669
492	0.3387
493	0.5183
494	0.3036
495	0.1561
496	0.3434
497	0.3143
498	0.2695
499	0.5583
500	0.3232
251	0.3614
252	0.0664
253	0.0284
254	0.03297
255	0.107
256	0.0249
257	0.2778
258	0.0351
259	0.04432
260	0.2996
261	0.3043
262	0.01186
263	0.04848
264	0.01027
265	0.2442
266	0.08178
267	0.456
268	0.0306
269	0.08097
270	0.04158
271	0.002194
272	0.3241
273	0.1902
274	0.3115
275	0.1536
276	0.1804
277	0.1035
278	0.06513
279	0.04742
280	0.2148
281	0.16
282	0.1524
283	0.06962
284	0.1218
285	0.03732
286	0.0457
287	0.3078
288	0.07151
289	0.01203
290	0.2868
291	0.1936
292	0.003914
293	0.028
294	0.005935
295	0.09953
296	0.1123
297	0.2544
298	0.3705
299	0.1753
300	0.06079
301	0.0845
302	0.06339
303	0.08195
304	0.3696
305	0.2703
306	0.1913
307	0.2025
308	0.04813
309	0.4255
310	0.3378
311	0.2166
312	0.01577
313	0.1161
314	0.01155
315	0.142
316	0.05566
317	0.1744
318	0.1887
319	0.1628
320	0.1977
321	0.2411
322	0.3497
323	0.006259
324	0.2593
325	0.6263
326	0.1961
327	0.1329
328	0.1201
329	0.07234
330	0.3606
331	0.1131
332	0.009115
333	0.01551
334	0.2737
335	0.1829
336	0.1557
337	0.2389
338	0.4765
339	0.03128
340	0.2139
341	0.2001
342	0.2524
343	0.415
344	0.3452
345	0.2474
346	0.04774
347	0.06071
348	0.1315
349	0.2771
350	0.1248
351	0.02434
352	0.1734
353	0.1611
354	0.2498
355	0.05918
356	0.503
357	0.6868
358	0.0772
359	0.06849
360	0.03128
361	0.3328
362	0.0698
363	0.0998
364	0.08655
365	0.215
366	0.2273
367	0.1017
368	0.1686
369	0.1027
370	0.2498
371	0.1084
372	0.2544
373	0.07606
374	0.1956
375	0.2307
376	0.289
377	0.2376
378	0.1441
379	0.153
380	0.07413
381	0.4505
382	0.1175
383	0.0468
384	0.255
385	0.04021
386	0.03697
387	0.4256
388	0.4983
389	0.3115
390	0.5454
391	0.3962
392	0.07551
393	0.3657
394	0.1853
395	0.06025
396	0.09058
397	0.1992
398	0.0542
399	0.01868
400	0.0559
401	0.2193
402	0.02901
403	0.4282
404	0.1015
405	0.01169
406	0.159
407	0.1197
408	0.0447
409	0.01403
410	0.1815
411	0.4171
412	0.02119
413	0.5609
414	0.01176
415	0.1836
416	0.1512
417	0.004718
418	0.1509
419	0.1429
420	0.2697
421	0.1919
422	0.09338
423	0.02159
424	0.01752
425	0.065
426	0.4731
427	0.3766
428	0.2325
429	0.2288
430	0.02037
431	0.08311
432	0.2536
433	0.1011
434	0.09336
435	0.09167
436	0.287
437	0.2053
438	0.06983
439	0.143
440	0.1285
441	0.1001
442	0.2471
443	0.1012
444	0.3418
445	0.2491
446	0.04251
447	0.226
448	0.4279
449	0.08832
450	0.2267
451	0.281
452	0.09411
453	0.2501
454	0.1403
455	0.1314
456	0.1935
457	0.00892
458	0.1175
459	0.4275
460	0.06625
461	0.1831
462	0.2204
463	0.06286
464	0.07198
465	0.1772
466	0.5667
467	0.1832
468	0.07826
469	0.01153
470	0.3245
471	0.2154
472	0.1585
473	0.02405
474	0.09546
475	0.0087
476	0.1025
477	0.7119
478	0.6052
479	0.03742
480	0.3708
481	0.08852
482	0.3487
483	0.1854
484	0.2183
485	0.09498
486	0.1845
487	0.01322
488	0.01159
489	0.08538
490	0.06528
491	0.1147
492	0.2065
493	0.107
494	0.017
495	0.2887
496	0.03521
497	0.01347
498	0.3732
499	0.2285
500	0.4433
251	0.1871
252	0.5301
253	0.5725
254	0.2103
255	0.1062
256	0.5956
257	0.352
258	0.5344
259	0.4443
260	0.5699
261	0.3056
262	0.2955
263	0.4378
264	0.5857
265	0.5458
266	0.2241
267	0.4527
268	0.2643
269	0.3835
270	0.4036
271	0.6385
272	0.2447
273	0.1355
274	0.1855
275	0.06977
276	0.4067
277	0.4769
278	0.2614
279	0.4714
280	0.2324
281	0.4795
282	0.3018
283	0.2949
284	0.4176
285	0.3422
286	0.1567
287	0.05297
288	0.4827
289	0.5096
290	0.3669
291	0.4345
292	0.5142
293	0.05855
294	0.4351
295	0.3996
296	0.5204
297	0.2972
298	0.1185
299	0.2664
300	0.1197
301	0.2108
302	0.4814
303	0.1485
304	0.1606
305	0.5127
306	0.1635
307	0.0746
308	0.2299
309	0.1695
310	0.2948
311	0.3867
312	0.8112
313	0.2595
314	0.1164
315	0.01425
316	0.4337
317	0.3002
318	0.5104
319	0.2954
320	0.2599
321	0.2055
322	0.2553
323	0.4075
324	0.5897
325	0.1243
326	0.2163
327	0.2659
328	0.6814
329	0.3164
330	0.2111
331	0.3906
332	0.8138
333	0.5178
334	0.3392
335	0.4036
336	0.1817
337	0.4747
338	0.09428
339	0.1644
340	0.1329
341	0.08763
342	0.5136
343	0.159
344	0.1763
345	0.3192
346	0.5785
347	0.4906
348	0.2898
349	0.3756
350	0.1224
351	0.4625
352	0.2298
353	0.6979
354	0.08265
355	0.3085
356	0.2344
357	0.04488
358	0.292
359	0.2795
360	0.2876
361	0.202
362	0.343
363	0.3697
364	0.3798
365	0.6604
366	0.01778
367	0.5664
368	0.268
369	0.404
370	0.4119
371	0.5989
372	0.4167
373	0.3602
374	0.5164
375	0.3496
376	0.26
377	0.03174
378	0.513
379	0.08763
380	0.2752
381	0.1122
382	0.2811
383	0.555
384	0.2961
385	0.397
386	0.422
387	0.05252
388	0.1354
389	0.4359
390	0.1581
391	0.2204
392	0.4303
393	0.4611
394	0.1539
395	0.6348
396	0.03057
397	0.3039
398	0.1991
399	0.4119
400	0.1039
401	0.3207
402	0.07059
403	0.09271
404	0.2808
405	0.3481
406	0.1476
407	0.1178
408	0.4232
409	0.2558
410	0.1843
411	0.1541
412	0.3982
413	0.01445
414	0.3229
415	0.261
416	0.2475
417	0.3873
418	0.312
419	0.6717
420	0.4927
421	0.2534
422	0.1217
423	0.09129
424	0.4854
425	0.5136
426	0.1442
427	0.1735
428	0.2539
429	0.1001
430	0.2828
431	0.146
432	0.6053
433	0.5627
434	0.4285
435	0.3116
436	0.4802
437	0.08164
438	0.3082
439	0.1245
440	0.433
441	0.3446
442	0.3185
443	0.4162
444	0.4242
445	0.3928
446	0.6694
447	0.2139
448	0.1956
449	0.1258
450	0.1158
451	0.3048
452	0.3329
453	0.4851
454	0.3292
455	0.04955
456	0.2867
457	0.6602
458	0.8715
459	0.4882
460	0.3762
461	0.02914
462	0.2225
463	0.1437
464	0.6642
465	0.3573
466	0.01972
467	0.602
468	0.17
469	0.4435
470	0.2735
471	0.1516
472	0.2998
473	0.3709
474	0.182
475	0.6916
476	0.5926
477	0.1756
478	0.2871
479	0.2966
480	0.1928
481	0.7684
482	0.547
483	0.4948
484	0.2003
485	0.6795
486	0.277
487	0.2033
488	0.3802
489	0.2359
490	0.4645
491	0.08732
492	0.1718
493	0.02027
494	0.3665
495	0.1271
496	0.4932
497	0.5283
498	0.1758
499	0.2558
500	0.1717
251	0.3612
252	0.2513
253	0.3906
254	0.581
255	0.6267
256	0.2349
257	0.16
258	0.1912
259	0.1705
260	0.005256
261	0.2594
262	0.2578
263	0.3677
264	0.3821
265	0.1685
266	0.6419
267	0.02482
268	0.1805
269	0.3591
270	0.4555
271	0.3314
272	0.4252
273	0.1988
274	0.431
275	0.6659
276	0.2761
277	0.3096
278	0.5891
279	0.3823
280	0.4012
281	0.1631
282	0.4943
283	0.2594
284	0.3778
285	0.26
286	0.3764
287	0.4125
288	0.3552
289	0.3489
290	0.3075
291	0.2912
292	0.4691
293	0.5281
294	0.4015
295	0.2694
296	0.3505
297	0.1844
298	9.757E-4
299	0.4168
300	0.3222
301	0.5734
302	0.2786
303	0.4406
304	0.3388
305	0.01396
306	0.5661
307	0.06828
308	0.5043
309	0.3887
310	0.328
311	0.2678
312	0.07503
313	0.03975
314	0.3423
315	0.5039
316	0.1282
317	0.3768
318	0.2479
319	0.4158
320	0.2693
321	0.1972
322	0.3836
323	0.03631
324	0.1181
325	0.02412
326	0.4203
327	0.3629
328	0.1442
329	0.5285
330	0.2073
331	0.4316
332	0.1128
333	0.3585
334	0.01978
335	0.1011
336	0.2665
337	0.2395
338	0.4089
339	0.2025
340	0.4475
341	0.7088
342	0.06773
343	0.1825
344	0.234
345	0.333
346	0.3166
347	0.3842
348	0.2999
349	0.1298
350	0.6286
351	0.3944
352	0.5718
353	0.02021
354	0.3608
355	0.325
356	0.2251
357	0.2046
358	0.327
359	0.3289
360	0.5503
361	0.09779
362	0.3604
363	0.236
364	0.3343
365	0.09979
366	0.2558
367	0.3076
368	0.378
369	0.3479
370	0.1697
371	0.1329
372	0.2121
373	0.3921
374	0.2652
375	0.2375
376	0.2649
377	0.174
378	0.2607
379	0.2903
380	0.6325
381	0.08536
382	0.3046
383	0.252
384	0.1538
385	0.3772
386	0.459
387	0.3832
388	0.1901
389	0.04656
390	0.2481
391	0.1971
392	0.397
393	0.06619
394	0.4902
395	0.1883
396	0.07965
397	0.2274
398	0.04159
399	0.4193
400	0.7558
401	0.4584
402	0.6822
403	0.3805
404	0.2208
405	0.4246
406	0.6048
407	0.4216
408	0.4177
409	0.6178
410	0.5973
411	0.2601
412	0.3412
413	0.1061
414	0.2554
415	0.482
416	0.5494
417	0.363
418	0.4825
419	0.1567
420	0.09832
421	0.462
422	0.6791
423	0.3798
424	0.235
425	0.1833
426	0.1743
427	0.1181
428	0.3012
429	0.4983
430	0.5551
431	0.554
432	0.1368
433	0.167
434	0.2236
435	0.07108
436	0.1804
437	0.1501
438	0.2448
439	0.1137
440	0.1681
441	0.403
442	0.3255
443	0.3177
444	0.09204
445	0.2612
446	0.1139
447	0.3481
448	0.07711
449	0.7132
450	0.4878
451	0.3639
452	0.127
453	0.2588
454	0.3646
455	0.577
456	0.2779
457	0.0812
458	0.003489
459	0.08215
460	0.556
461	0.7412
462	0.0719
463	0.3182
464	0.2176
465	0.2921
466	0.3992
467	0.1239
468	0.4217
469	0.3877
470	0.1413
471	0.6058
472	0.4145
473	0.4658
474	0.3884
475	0.1291
476	0.284
477	0.1087
478	0.03314
479	0.4908
480	0.05151
481	0.1038
482	0.04793
483	0.1873
484	0.4775
485	0.1441
486	0.4209
487	9.87E-4
488	0.5691
489	0.3815
490	0.4355
491	0.5058
492	0.5088
493	0.4954
494	0.5443
495	0.4691
496	0.2294
497	0.4404
498	0.08263
499	0.4032
500	0.07739
251	0.09031
252	0.1523
253	0.008496
254	0.1758
255	0.1601
256	0.1447
257	0.2101
258	0.2393
259	0.3409
260	0.1253
261	0.1307
262	0.4348
263	0.146
264	0.02191
265	0.04153
266	0.05223
267	0.06652
268	0.5246
269	0.1765
270	0.09938
271	0.02791
272	0.005997
273	0.4755
274	0.07194
275	0.1107
276	0.1367
277	0.11
278	0.08434
279	0.09893
280	0.1515
281	0.1974
282	0.0515
283	0.3761
284	0.08274
285	0.3605
286	0.4213
287	0.2268
288	0.09054
289	0.1295
290	0.03881
291	0.08071
292	0.01278
293	0.3853
294	0.1575
295	0.2314
296	0.01673
297	0.264
298	0.51
299	0.1415
300	0.4973
301	0.1313
302	0.1766
303	0.3289
304	0.1309
305	0.203
306	0.0791
307	0.6546
308	0.2176
309	0.01623
310	0.03945
311	0.1289
312	0.09804
313	0.5847
314	0.5297
315	0.3398
316	0.3825
317	0.1486
318	0.05298
319	0.1261
320	0.2731
321	0.3563
322	0.01136
323	0.55
324	0.03298
325	0.2253
326	0.1674
327	0.2383
328	0.0543
329	0.08271
330	0.221
331	0.06465
332	0.06427
333	0.1082
334	0.3673
335	0.3123
336	0.3961
337	0.04695
338	0.02034
339	0.6018
340	0.2057
341	0.003532
342	0.1663
343	0.2435
344	0.2446
345	0.1004
346	0.0572
347	0.06447
348	0.2788
349	0.2176
350	0.1243
351	0.1188
352	0.02501
353	0.1208
354	0.3067
355	0.3074
356	0.03747
357	0.06377
358	0.3037
359	0.3231
360	0.1309
361	0.3675
362	0.2268
363	0.2945
364	0.1994
365	0.02482
366	0.4991
367	0.02434
368	0.1854
369	0.1453
370	0.1686
371	0.1598
372	0.1169
373	0.1716
374	0.02285
375	0.1822
376	0.1861
377	0.5567
378	0.08224
379	0.469
380	0.01824
381	0.3519
382	0.2968
383	0.1461
384	0.2951
385	0.1856
386	0.08202
387	0.1386
388	0.1762
389	0.206
390	0.0485
391	0.1863
392	0.09718
393	0.107
394	0.1706
395	0.1166
396	0.7992
397	0.2695
398	0.7051
399	0.1501
400	0.08435
401	0.001535
402	0.2182
403	0.09856
404	0.3969
405	0.2156
406	0.08863
407	0.341
408	0.1144
409	0.1124
410	0.03684
411	0.1687
412	0.2394
413	0.3185
414	0.41
415	0.07338
416	0.05198
417	0.245
418	0.05455
419	0.02875
420	0.1393
421	0.09267
422	0.1058
423	0.5073
424	0.262
425	0.2381
426	0.2083
427	0.3318
428	0.2124
429	0.1728
430	0.1418
431	0.217
432	0.004309
433	0.1692
434	0.2545
435	0.5256
436	0.05242
437	0.5629
438	0.3771
439	0.6188
440	0.2704
441	0.1524
442	0.109
443	0.1649
444	0.1419
445	0.09689
446	0.1742
447	0.212
448	0.2994
449	0.07275
450	0.1697
451	0.0502
452	0.446
453	0.006011
454	0.1659
455	0.2421
456	0.2418
457	0.2497
458	0.007499
459	0.002082
460	0.001507
461	0.04648
462	0.4852
463	0.4753
464	0.04622
465	0.1734
466	0.01437
467	0.09084
468	0.3301
469	0.1572
470	0.2608
471	0.02714
472	0.1271
473	0.1393
474	0.3342
475	0.1706
476	0.02084
477	0.003773
478	0.07449
479	0.1751
480	0.3848
481	0.03933
482	0.05633
483	0.1325
484	0.1039
485	0.08137
486	0.1176
487	0.7825
488	0.03909
489	0.2972
490	0.03477
491	0.2922
492	0.113
493	0.3774
494	0.07219
495	0.1152
496	0.2422
497	0.01783
498	0.3683
499	0.1125
500	0.3076
251	0.1934
252	0.3677
253	0.6594
254	0.427
255	0.351
256	0.029
257	0.4054
258	0.141
259	0.2256
260	0.03001
261	0.1122
262	0.6085
263	0.1256
264	0.03207
265	0.7952
266	0.0195
267	0.5381
268	0.2439
269	0.4322
270	0.08763
271	0.3318
272	0.0944
273	0.02613
274	0.4153
275	0.767
276	0.08829
277	0.02547
278	0.4506
279	0.2499
280	0.4547
281	0.3879
282	0.7812
283	0.2828
284	0.3111
285	0.5127
286	0.2364
287	0.1896
288	0.3066
289	0.08264
290	0.602
291	0.1304
292	0.08103
293	0.5619
294	0.0553
295	0.4526
296	0.7715
297	0.2851
298	0.8394
299	0.4332
300	0.3536
301	0.4667
302	0.5822
303	0.03292
304	0.3413
305	0.4308
306	0.3344
307	0.5195
308	0.3464
309	0.2698
310	0.3339
311	0.2746
312	0.1815
313	0.293
314	0.03305
315	0.09434
316	0.4262
317	0.07752
318	0.4497
319	0.1566
320	0.281
321	0.7747
322	0.2584
323	0.1203
324	0.253
325	0.1051
326	0.8644
327	0.08336
328	0.7186
329	0.02936
330	0.4643
331	0.4944
332	0.2253
333	0.5251
334	0.6593
335	0.1831
336	0.01117
337	0.007609
338	0.03282
339	0.7093
340	0.485
341	0.6398
342	0.091
343	0.1488
344	0.6232
345	0.1596
346	0.04471
347	0.7698
348	0.3289
349	0.383
350	0.05842
351	0.3424
352	0.2777
353	0.1347
354	0.3654
355	0.2742
356	0.3154
357	0.2466
358	0.3518
359	0.0421
360	0.5179
361	0.1346
362	0.02005
363	0.1903
364	0.1753
365	0.1182
366	0.1116
367	0.03143
368	0.3526
369	0.5921
370	0.3502
371	0.8388
372	0.3682
373	0.0737
374	0.4863
375	0.02435
376	0.3933
377	0.03486
378	0.05597
379	0.03483
380	0.2245
381	0.4622
382	0.3208
383	0.4215
384	0.7063
385	0.589
386	0.6454
387	0.08219
388	0.3255
389	0.004419
390	0.03516
391	0.4168
392	0.2529
393	0.006435
394	0.2894
395	0.07313
396	0.2896
397	0.2116
398	0.1005
399	0.3109
400	0.4634
401	0.02943
402	0.2536
403	0.352
404	0.06785
405	0.2226
406	0.1934
407	0.07969
408	0.1793
409	0.5081
410	0.1172
411	0.2354
412	0.06327
413	0.07803
414	0.5331
415	0.01818
416	0.3559
417	0.1822
418	0.08929
419	0.6631
420	0.00713
421	0.2359
422	0.3359
423	0.02713
424	0.5964
425	0.4187
426	0.359
427	0.4461
428	0.1889
429	0.09645
430	0.2358
431	0.02935
432	0.1545
433	0.6153
434	0.2438
435	0.1212
436	0.3637
437	0.06352
438	0.6746
439	0.002759
440	0.3562
441	0.7704
442	0.3094
443	0.05272
444	0.05955
445	0.07476
446	0.09355
447	0.5549
448	0.387
449	0.061
450	0.03473
451	0.1641
452	0.05047
453	0.5862
454	0.2935
455	0.03696
456	0.09533
457	0.231
458	0.3977
459	0.06013
460	0.2465
461	0.4061
462	0.1505
463	0.06185
464	0.04405
465	0.5245
466	0.07117
467	0.135
468	0.07044
469	0.167
470	0.6292
471	0.1623
472	0.07874
473	0.2881
474	0.06801
475	0.08984
476	0.319
477	0.007591
478	0.1384
479	0.4603
480	0.2596
481	0.4191
482	0.6233
483	0.257
484	0.09956
485	0.4768
486	0.6112
487	0.02639
488	0.6764
489	0.1482
490	0.1809
491	0.3073
492	0.1758
493	0.1825
494	0.4892
495	0.3004
496	0.06695
497	0.01239
498	0.1422
499	0.1408
500	0.6356
251	0.05142
252	0.3912
253	0.06586
254	0.317
255	0.2639
256	0.02724
257	0.03477
258	0.3413
259	0.7387
260	0.142
261	0.01653
262	0.09026
263	0.02656
264	0.004124
265	0.01835
266	0.6434
267	0.2565
268	0.1524
269	0.006775
270	0.526
271	0.1912
272	0.1266
273	0.4408
274	0.4243
275	0.04809
276	0.4784
277	0.165
278	0.08406
279	0.5534
280	0.04537
281	0.1104
282	0.01053
283	0.5294
284	0.01245
285	0.009439
286	0.2346
287	0.3834
288	0.05284
289	0.4009
290	0.1734
291	0.04022
292	0.009154
293	0.06055
294	0.08367
295	0.1922
296	0.0708
297	0.09521
298	0.04403
299	0.1627
300	0.1825
301	0.01404
302	0.1191
303	0.3676
304	0.4023
305	0.2528
306	0.5128
307	0.1543
308	0.06203
309	0.1616
310	0.2769
311	0.06628
312	0.1664
313	0.02619
314	0.3599
315	0.1457
316	0.1085
317	0.5535
318	0.3788
319	0.3249
320	0.2266
321	0.03987
322	0.5549
323	0.228
324	0.001256
325	0.456
326	0.07702
327	0.2552
328	0.2018
329	0.1308
330	0.2432
331	0.2443
332	0.0733
333	0.07864
334	0.2399
335	0.2235
336	0.08231
337	0.1005
338	0.4074
339	0.0475
340	0.1129
341	0.07485
342	0.07798
343	0.2377
344	0.01576
345	0.4264
346	0.01546
347	0.1574
348	0.2398
349	0.3264
350	0.1572
351	0.133
352	0.4875
353	0.03888
354	0.08985
355	0.1026
356	0.153
357	0.3406
358	0.02029
359	0.4451
360	0.3935
361	0.3797
362	0.1262
363	0.5622
364	0.1479
365	0.2761
366	0.8154
367	0.1445
368	0.02018
369	0.3334
370	0.2632
371	0.02976
372	0.1603
373	0.2035
374	7.202E-4
375	0.4623
376	0.02546
377	0.7367
378	0.06288
379	0.02585
380	0.07404
381	0.2222
382	0.4532
383	0.1604
384	0.002331
385	0.2749
386	0.05
387	0.3402
388	0.03282
389	0.702
390	0.1519
391	0.255
392	0.2931
393	0.08837
394	0.03238
395	0.2502
396	0.3956
397	0.3699
398	0.4741
399	0.05336
400	0.2203
401	0.6367
402	0.05681
403	0.04727
404	0.6279
405	0.2397
406	0.1404
407	0.2473
408	0.3044
409	0.07226
410	0.04553
411	0.1589
412	0.05251
413	0.01347
414	0.1886
415	0.08403
416	4.76E-4
417	0.4094
418	0.5516
419	0.003371
420	0.6388
421	0.1791
422	0.06817
423	0.03587
424	0.0789
425	0.2403
426	0.1199
427	0.3944
428	0.1715
429	0.06774
430	0.6375
431	0.4152
432	0.1816
433	0.1539
434	0.1762
435	0.3084
436	0.1171
437	0.2457
438	0.06598
439	0.1369
440	0.1054
441	0.02293
442	0.3847
443	0.1597
444	0.6932
445	0.1937
446	0.4676
447	0.006917
448	0.1292
449	0.1512
450	0.6946
451	0.3482
452	0.02666
453	0.1927
454	0.3629
455	0.009494
456	0.5028
457	0.1459
458	0.1527
459	0.1619
460	0.1143
461	0.02503
462	0.162
463	0.05547
464	0.005218
465	0.06131
466	0.1697
467	0.4151
468	0.05905
469	0.2198
470	0.1667
471	0.003114
472	0.04882
473	0.3057
474	0.6517
475	0.3815
476	0.04063
477	0.2068
478	0.4522
479	0.03121
480	0.06964
481	0.3035
482	0.05835
483	0.3304
484	0.5787
485	0.2382
486	0.01489
487	0.09562
488	0.2161
489	0.3231
490	0.2398
491	0.3192
492	0.6164
493	0.07987
494	0.05425
495	0.271
496	0.03892
497	0.3708
498	0.1992
499	0.2415
500	0.03019
251	0.3474
252	0.1869
253	0.2118
254	0.1851
255	0.05492
256	0.6328
257	0.05765
258	0.5004
259	0.005577
260	0.323
261	0.1429
262	0.09237
263	0.2694
264	0.4767
265	0.149
266	0.2984
267	0.09209
268	0.1093
269	0.003391
270	0.1485
271	0.07438
272	0.05377
273	0.06012
274	0.03688
275	0.1542
276	0.08389
277	0.156
278	0.07149
279	0.1469
280	0.1759
281	0.03821
282	0.1425
283	0.1194
284	0.001889
285	0.377
286	0.3675
287	0.018
288	0.4124
289	0.1512
290	0.2094
291	0.2475
292	0.05341
293	0.2437
294	0.1737
295	0.08411
296	0.1522
297	0.5286
298	0.007809
299	0.2143
300	0.1146
301	0.1827
302	0.06455
303	0.1666
304	0.2309
305	0.1418
306	0.09898
307	0.08861
308	0.1161
309	0.1686
310	0.1092
311	0.06038
312	0.01068
313	0.6237
314	0.114
315	0.6299
316	0.1177
317	0.225
318	0.1366
319	0.3162
320	0.3609
321	0.04914
322	0.1388
323	0.4961
324	0.1897
325	0.2843
326	0.02024
327	0.06595
328	0.01573
329	0.8299
330	0.2213
331	0.102
332	0.5215
333	0.01296
334	0.05698
335	0.4761
336	0.2653
337	0.2611
338	0.08095
339	0.08382
340	0.3284
341	0.1985
342	0.007867
343	0.3797
344	0.01763
345	0.176
346	0.1727
347	0.04023
348	0.1922
349	0.04054
350	0.05665
351	0.05894
352	0.2175
353	0.2502
354	0.168
355	0.3153
356	0.03833
357	0.3156
358	0.6001
359	0.01569
360	0.05381
361	0.03802
362	0.3538
363	0.03542
364	0.3709
365	0.4747
366	0.04583
367	0.001738
368	0.01474
369	0.04442
370	0.05572
371	0.09423
372	0.02742
373	0.5232
374	0.1644
375	0.1893
376	0.03345
377	0.1061
378	0.09927
379	0.4236
380	0.5385
381	0.1064
382	0.003393
383	0.3185
384	0.1164
385	0.03778
386	0.005785
387	0.004179
388	0.5278
389	0.0834
390	0.2184
391	0.04978
392	0.06534
393	0.09087
394	0.04671
395	0.09419
396	0.1279
397	0.07475
398	0.1201
399	0.07358
400	0.3089
401	0.2532
402	0.1473
403	0.3215
404	0.2708
405	0.1741
406	0.06623
407	0.2051
408	0.4511
409	0.129
410	0.6877
411	0.3457
412	0.8422
413	0.2488
414	0.04835
415	0.1214
416	0.4128
417	0.009005
418	0.2845
419	0.005133
420	0.02428
421	0.2335
422	0.295
423	0.4804
424	0.1425
425	0.1614
426	0.2042
427	0.002783
428	0.1305
429	0.3008
430	0.1098
431	0.214
432	0.3296
433	0.09914
434	0.5136
435	0.3417
436	0.09593
437	0.1942
438	0.1969
439	0.5898
440	0.4912
441	0.01958
442	0.2216
443	0.02392
444	0.2279
445	0.349
446	0.1019
447	0.04071
448	0.002643
449	0.7874
450	0.09703
451	0.341
452	1.53E-4
453	0.195
454	0.1023
455	0.3189
456	0.05452
457	0.08167
458	0.2015
459	0.5395
460	0.2695
461	0.5656
462	0.513
463	0.0158
464	0.2581
465	0.008008
466	0.2339
467	0.3619
468	0.6148
469	0.5582
470	0.107
471	0.11
472	0.7253
473	0.2771
474	0.08225
475	0.4098
476	0.3051
477	0.108
478	0.01491
479	0.2551
480	0.254
481	0.2137
482	0.3069
483	0.2464
484	0.06356
485	0.06564
486	0.01506
487	0.3018
488	0.08287
489	0.02307
490	0.02077
491	0.3069
492	0.1091
493	0.3722
494	0.3413
495	0.2113
496	0.0935
497	0.4191
498	0.07854
499	0.04645
500	0.1544
251	0.4078
252	0.05423
253	0.06299
254	0.07099
255	0.3301
256	0.311
257	0.5022
258	0.01725
259	0.03011
260	0.5049
261	0.7284
262	0.2089
263	0.5784
264	0.4871
265	0.03742
266	0.03868
267	0.1133
268	0.4944
269	0.5577
270	0.2378
271	0.4025
272	0.7252
273	0.4729
274	0.1236
275	0.03066
276	0.3494
277	0.6535
278	0.3938
279	0.04972
280	0.324
281	0.4634
282	0.06579
283	0.0684
284	0.6746
285	0.1009
286	0.1616
287	0.4091
288	0.2282
289	0.3652
290	0.01511
291	0.5819
292	0.8564
293	0.1338
294	0.6873
295	0.2711
296	0.00546
297	0.09114
298	0.1087
299	0.1898
300	0.3494
301	0.3366
302	0.2342
303	0.4329
304	0.02547
305	0.1745
306	0.05382
307	0.2376
308	0.4754
309	0.4
310	0.2801
311	0.5987
312	0.6414
313	0.05708
314	0.493
315	0.13
316	0.3477
317	0.144
318	0.03485
319	0.2024
320	0.1314
321	0.1363
322	0.04792
323	0.1556
324	0.556
325	0.1545
326	0.03836
327	0.5955
328	0.06385
329	0.009959
330	0.0712
331	0.1593
332	0.18
333	0.3833
334	0.04382
335	0.1173
336	0.6413
337	0.6307
338	0.4789
339	0.1594
340	0.07361
341	0.08683
342	0.8232
343	0.2337
344	0.3434
345	0.2379
346	0.7672
347	0.03255
348	0.2391
349	0.2501
350	0.7277
351	0.4656
352	0.01736
353	0.5762
354	0.3768
355	0.3078
356	0.4933
357	0.09719
358	0.02791
359	0.4971
360	0.03481
361	0.4477
362	0.4999
363	0.2121
364	0.3059
365	0.131
366	0.02711
367	0.8223
368	0.6125
369	0.03005
370	0.3308
371	0.03722
372	0.4441
373	0.1996
374	0.3487
375	0.324
376	0.5478
377	0.1224
378	0.7819
379	0.5157
380	0.1629
381	0.2093
382	0.2226
383	0.09965
384	0.175
385	0.0984
386	0.2988
387	0.5734
388	0.1138
389	0.2102
390	0.5946
391	0.2784
392	0.3886
393	0.8143
394	0.6315
395	0.5825
396	0.1869
397	0.3438
398	0.3053
399	0.5622
400	0.007446
401	0.08064
402	0.5422
403	0.2792
404	0.03349
405	0.3637
406	0.6
407	0.4679
408	0.06511
409	0.2907
410	0.1496
411	0.26
412	0.04204
413	0.6597
414	0.23
415	0.7764
416	0.2308
417	0.3995
418	0.07464
419	0.3284
420	0.3298
421	0.3514
422	0.3009
423	0.4566
424	0.1822
425	0.1796
426	0.3169
427	0.1568
428	0.5091
429	0.535
430	0.01688
431	0.3415
432	0.3342
433	0.1316
434	0.06626
435	0.2287
436	0.4232
437	0.4966
438	0.06251
439	0.2705
440	0.04721
441	0.1871
442	0.08433
443	0.7636
444	0.01936
445	0.3826
446	0.3369
447	0.3975
448	0.4812
449	4.507E-4
450	0.1737
451	0.1466
452	0.9227
453	0.02607
454	0.2413
455	0.6346
456	0.3473
457	0.5414
458	0.2481
459	0.2385
460	0.3698
461	0.003278
462	0.1746
463	0.8669
464	0.6926
465	0.4062
466	0.5253
467	0.08795
468	0.2557
469	0.05498
470	0.09708
471	0.7246
472	0.1471
473	0.129
474	0.1981
475	0.1188
476	0.3353
477	0.6776
478	0.3944
479	0.2534
480	0.4168
481	0.06361
482	0.01148
483	0.1661
484	0.2582
485	0.2194
486	0.3588
487	0.5761
488	0.02458
489	0.5057
490	0.5585
491	0.06658
492	0.09868
493	0.3654
494	0.1153
495	0.2173
496	0.8006
497	0.1977
498	0.58
499	0.5713
500	0.1798
251	0.6644
252	0.6644
253	0.5211
254	0.5367
255	0.2667
256	0.866
257	0.3645
258	0.7179
259	0.6141
260	0.5613
261	0.5239
262	0.7488
263	0.8471
264	0.5619
265	0.4492
266	0.1828
267	0.5254
268	0.6443
269	0.7894
270	0.7039
271	0.4569
272	0.5727
273	0.6072
274	0.4482
275	0.5921
276	0.4978
277	0.6022
278	0.6751
279	0.251
280	0.3631
281	0.4555
282	0.6157
283	0.4688
284	0.6986
285	0.6757
286	0.6878
287	0.6462
288	0.7776
289	0.6265
290	0.6329
291	0.5837
292	0.4878
293	0.503
294	0.6539
295	0.6524
296	0.3115
297	0.3952
298	0.5015
299	0.4417
300	0.6811
301	0.1819
302	0.3161
303	0.1875
304	0.4522
305	0.6042
306	0.4475
307	0.338
308	0.605
309	0.7547
310	0.6645
311	0.4768
312	0.5852
313	0.5644
314	0.7127
315	0.7684
316	0.08141
317	0.626
318	0.5469
319	0.3798
320	0.4947
321	0.4897
322	0.4152
323	0.6694
324	0.4914
325	0.3565
326	0.56
327	0.7358
328	0.5402
329	0.7167
330	0.7189
331	0.3967
332	0.5893
333	0.6557
334	0.2071
335	0.3872
336	0.6956
337	0.5538
338	0.7021
339	0.3018
340	0.6413
341	0.6166
342	0.6883
343	0.7701
344	0.6848
345	0.6292
346	0.3947
347	0.6016
348	0.5992
349	0.6707
350	0.6101
351	0.5912
352	0.5497
353	0.3754
354	0.2489
355	0.4727
356	0.399
357	0.425
358	0.4408
359	0.5244
360	0.2846
361	0.5083
362	0.5456
363	0.8946
364	0.4928
365	0.5127
366	0.4649
367	0.4097
368	0.5214
369	0.3042
370	0.796
371	0.5733
372	0.1363
373	0.5235
374	0.3287
375	0.4211
376	0.7422
377	0.2991
378	0.6833
379	0.8883
380	0.5491
381	0.2813
382	0.595
383	0.5602
384	0.5504
385	0.2972
386	0.6779
387	0.5323
388	0.7242
389	0.6441
390	0.4161
391	0.5655
392	0.4895
393	0.1771
394	0.5494
395	0.7813
396	0.5991
397	0.6009
398	0.5461
399	0.6539
400	0.6422
401	0.6686
402	0.5501
403	0.4138
404	0.5788
405	0.565
406	0.4455
407	0.3476
408	0.5815
409	0.564
410	0.8332
411	0.6279
412	0.2605
413	0.5674
414	0.1704
415	0.1118
416	0.7231
417	0.6667
418	0.6713
419	0.5937
420	0.6162
421	0.7929
422	0.703
423	0.8001
424	0.6705
425	0.5631
426	0.5431
427	0.2662
428	0.4802
429	0.4189
430	0.6824
431	0.5669
432	0.7201
433	0.5263
434	0.551
435	0.3364
436	0.6747
437	0.7839
438	0.4407
439	0.8818
440	0.5723
441	0.2588
442	0.4188
443	0.5056
444	0.5138
445	0.7753
446	0.7227
447	0.6074
448	0.3884
449	0.3598
450	0.4668
451	0.2685
452	0.8581
453	0.2856
454	0.2142
455	0.5994
456	0.585
457	0.5711
458	0.5194
459	0.41
460	0.5973
461	0.4441
462	0.6587
463	0.3597
464	0.8825
465	0.3629
466	0.5496
467	0.3458
468	0.411
469	0.3408
470	0.4599
471	0.7118
472	0.6133
473	0.5526
474	0.774
475	0.1929
476	0.6459
477	0.558
478	0.4713
479	0.6904
480	0.2163
481	0.6048
482	0.4797
483	0.2795
484	0.5044
485	0.221
486	0.6394
487	0.8899
488	0.4237
489	0.551
490	0.4961
491	0.616
492	0.5631
493	0.7199
494	0.6451
495	0.4969
496	0.6472
497	0.6721
498	0.7425
499	0.2842
500	0.258
251	0.08025
252	0.1874
253	0.08102
254	0.1232
255	0.5823
256	0.1038
257	0.4437
258	0.124
259	0.3109
260	0.2938
261	0.3794
262	0.065
263	0.04248
264	0.3754
265	0.1958
266	0.7116
267	0.1779
268	0.178
269	0.05706
270	0.2353
271	0.2691
272	0.3239
273	0.2781
274	0.202
275	0.1878
276	0.3992
277	0.3472
278	8.809E-4
279	0.2907
280	0.3211
281	0.1781
282	0.01359
283	0.08447
284	0.1921
285	0.1315
286	0.199
287	0.1802
288	0.04838
289	0.2941
290	0.0525
291	0.1032
292	0.4827
293	0.2952
294	0.1669
295	0.1445
296	0.3536
297	0.2455
298	0.057
299	0.3276
300	0.0936
301	0.6315
302	0.3607
303	0.7412
304	0.2167
305	0.1094
306	0.209
307	0.3625
308	0.1314
309	0.03859
310	0.1249
311	0.2419
312	0.3472
313	0.2733
314	0.2606
315	0.1743
316	0.413
317	0.2591
318	0.2315
319	0.4136
320	1.64E-4
321	0.1467
322	0.369
323	0.2187
324	0.169
325	0.3249
326	0.06422
327	0.1956
328	0.09308
329	0.2353
330	0.001102
331	0.3069
332	0.00333
333	0.1649
334	0.3045
335	0.4165
336	0.2474
337	0.2887
338	0.1434
339	0.3445
340	0.09164
341	0.1641
342	0.1212
343	0.003409
344	0.008054
345	0.0889
346	0.5586
347	0.1138
348	0.1053
349	0.1183
350	0.108
351	0.263
352	0.1661
353	0.4402
354	0.445
355	0.2916
356	0.3072
357	0.2525
358	0.3729
359	0.4311
360	0.4687
361	0.3177
362	0.3889
363	0.01163
364	0.3386
365	0.218
366	0.3111
367	0.3503
368	0.2526
369	0.3492
370	0.02619
371	0.1128
372	0.4274
373	0.4216
374	0.1385
375	0.4583
376	0.1084
377	0.4509
378	0.2482
379	0.05772
380	0.338
381	0.3822
382	0.1566
383	0.103
384	0.1824
385	0.4328
386	0.05423
387	0.2244
388	0.05752
389	0.1812
390	0.4153
391	0.1531
392	0.2228
393	0.6402
394	0.1275
395	0.1531
396	0.1693
397	0.2608
398	0.1028
399	0.2604
400	0.1432
401	0.1426
402	0.07444
403	0.2469
404	0.252
405	0.2703
406	0.2309
407	0.5729
408	0.34
409	0.1269
410	0.02626
411	0.1434
412	0.547
413	0.2586
414	0.52
415	0.7499
416	0.03601
417	0.2766
418	0.2311
419	0.03227
420	0.1757
421	0.06276
422	0.01418
423	0.1813
424	0.0557
425	0.2847
426	0.1679
427	0.1631
428	0.3731
429	0.3948
430	0.02326
431	0.3793
432	0.009226
433	0.2133
434	0.271
435	0.5296
436	0.128
437	0.1277
438	0.28
439	0.008669
440	0.1684
441	0.2817
442	0.1772
443	0.414
444	0.387
445	0.08184
446	0.2054
447	0.06401
448	0.1067
449	0.5286
450	0.3382
451	0.1855
452	0.07112
453	0.2277
454	0.561
455	0.3676
456	0.2323
457	0.227
458	0.08476
459	0.3881
460	0.3003
461	0.3199
462	0.2014
463	0.556
464	0.004123
465	0.2386
466	0.1219
467	0.3625
468	0.1254
469	0.5821
470	0.159
471	9.874E-4
472	0.1352
473	0.3057
474	0.1605
475	0.7014
476	0.1277
477	0.1734
478	0.3555
479	0.1473
480	0.4264
481	0.1444
482	0.2561
483	0.4695
484	0.3998
485	0.2815
486	0.005412
487	0.0675
488	0.2315
489	0.2567
490	0.2577
491	0.2435
492	0.2498
493	0.1317
494	0.1273
495	0.2984
496	0.2944
497	0.2851
498	0.1008
499	0.4838
500	0.356
251	0.1663
252	0.02267
253	0.01643
254	0.02438
255	0.03526
256	0.01398
257	0.07801
258	0.0315
259	0.01232
260	0.1317
261	0.07065
262	0.003562
263	0.03076
264	0.01522
265	0.08342
266	0.08531
267	0.1361
268	0.0198
269	0.02423
270	0.01956
271	0.0018
272	0.08013
273	0.1009
274	0.15
275	0.03672
276	0.06919
277	0.0406
278	0.04091
279	0.0731
280	0.1013
281	0.107
282	0.06052
283	0.08824
284	0.03077
285	0.01308
286	0.01834
287	0.1074
288	0.03292
289	0.01009
290	0.1015
291	0.1871
292	0.001359
293	0.009582
294	0.01737
295	0.03663
296	0.04257
297	0.1694
298	0.1352
299	0.06647
300	0.03305
301	0.0286
302	0.03173
303	0.05084
304	0.1721
305	0.1104
306	0.125
307	0.08401
308	0.03216
309	0.1265
310	0.1059
311	0.124
312	0.005401
313	0.04606
314	0.006903
315	0.03444
316	0.05841
317	0.07957
318	0.0655
319	0.1053
320	0.2086
321	0.0863
322	0.1241
323	0.005537
324	0.1719
325	0.2728
326	0.06948
327	0.04216
328	0.05249
329	0.03416
330	0.1224
331	0.05521
332	0.01584
333	0.005144
334	0.1433
335	0.0981
336	0.05324
337	0.1526
338	0.1446
339	0.01494
340	0.08174
341	0.05224
342	0.14
343	0.1667
344	0.1095
345	0.1713
346	0.02413
347	0.0208
348	0.08438
349	0.08855
350	0.192
351	0.009679
352	0.1093
353	0.1004
354	0.1243
355	0.04184
356	0.1806
357	0.2373
358	0.03353
359	0.02753
360	0.01405
361	0.1239
362	0.05087
363	0.03227
364	0.05573
365	0.1738
366	0.1502
367	0.1833
368	0.07311
369	0.05123
370	0.07402
371	0.03592
372	0.1783
373	0.02787
374	0.1528
375	0.1091
376	0.06327
377	0.218
378	0.04938
379	0.04398
380	0.02803
381	0.1661
382	0.0666
383	0.03366
384	0.07086
385	0.01726
386	0.01451
387	0.2039
388	0.132
389	0.1723
390	0.1584
391	0.1372
392	0.06614
393	0.1795
394	0.1262
395	0.02962
396	0.05519
397	0.06707
398	0.123
399	0.004855
400	0.02309
401	0.1665
402	0.03854
403	0.1862
404	0.1014
405	0.008221
406	0.1459
407	0.04776
408	0.01567
409	0.008304
410	0.0854
411	0.1462
412	0.04831
413	0.1527
414	0.006683
415	0.1258
416	0.0718
417	0.001432
418	0.0613
419	0.06631
420	0.2027
421	0.06477
422	0.06151
423	0.008266
424	0.007811
425	0.02046
426	0.1643
427	0.2612
428	0.08094
429	0.1311
430	0.02341
431	0.03982
432	0.1682
433	0.03676
434	0.0493
435	0.05773
436	0.08701
437	0.06751
438	0.0262
439	0.1074
440	0.06875
441	0.05283
442	0.1794
443	0.0529
444	0.08444
445	0.1099
446	0.02246
447	0.09509
448	0.2651
449	0.06604
450	0.1691
451	0.3447
452	0.04608
453	0.1456
454	0.07269
455	0.02581
456	0.1224
457	0.007506
458	0.0903
459	0.177
460	0.02168
461	0.07334
462	0.08317
463	0.04253
464	0.07035
465	0.1006
466	0.2918
467	0.168
468	0.244
469	0.004977
470	0.1297
471	0.1638
472	0.168
473	0.01091
474	0.0383
475	0.009335
476	0.05508
477	0.2657
478	0.1409
479	0.0122
480	0.2101
481	0.04374
482	0.09479
483	0.1052
484	0.06577
485	0.08264
486	0.08236
487	0.0142
488	0.005809
489	0.07032
490	0.06528
491	0.0382
492	0.1011
493	0.05484
494	0.007646
495	0.1003
496	0.02013
497	0.02226
498	0.1135
499	0.1435
500	0.1586
251	0.089
252	0.1255
253	0.3814
254	0.3158
255	0.1157
256	0.01628
257	0.1138
258	0.1266
259	0.06269
260	0.01319
261	0.02605
262	0.1827
263	0.0797
264	0.04754
265	0.2716
266	0.02035
267	0.1606
268	0.1579
269	0.1294
270	0.04122
271	0.2722
272	0.02334
273	0.01386
274	0.1999
275	0.1833
276	0.03386
277	0.009996
278	0.2831
279	0.3852
280	0.2145
281	0.2594
282	0.3102
283	0.3585
284	0.07855
285	0.1797
286	0.09486
287	0.06617
288	0.1411
289	0.06935
290	0.2131
291	0.126
292	0.02814
293	0.1923
294	0.1618
295	0.1666
296	0.2924
297	0.1899
298	0.3063
299	0.1643
300	0.1922
301	0.158
302	0.2915
303	0.02042
304	0.159
305	0.176
306	0.2185
307	0.2155
308	0.2315
309	0.08022
310	0.1047
311	0.1573
312	0.06216
313	0.1162
314	0.01975
315	0.02287
316	0.4472
317	0.03536
318	0.1561
319	0.1013
320	0.2965
321	0.2773
322	0.0917
323	0.1064
324	0.1677
325	0.04578
326	0.3063
327	0.02644
328	0.3142
329	0.01386
330	0.1576
331	0.2412
332	0.3915
333	0.1742
334	0.3452
335	0.09816
336	0.003821
337	0.004863
338	0.009959
339	0.3388
340	0.1853
341	0.1671
342	0.05049
343	0.05977
344	0.1977
345	0.1105
346	0.02259
347	0.2638
348	0.2111
349	0.1224
350	0.08988
351	0.1362
352	0.175
353	0.08396
354	0.1818
355	0.1939
356	0.1132
357	0.08521
358	0.1528
359	0.01692
360	0.2327
361	0.05011
362	0.01461
363	0.06153
364	0.1129
365	0.09552
366	0.07378
367	0.05668
368	0.1529
369	0.2954
370	0.1038
371	0.278
372	0.2581
373	0.02701
374	0.3799
375	0.01152
376	0.08612
377	0.03198
378	0.01918
379	0.01001
380	0.0849
381	0.1704
382	0.1818
383	0.3031
384	0.1963
385	0.2528
386	0.2534
387	0.03938
388	0.08625
389	0.002443
390	0.01021
391	0.1443
392	0.2216
393	0.003158
394	0.197
395	0.03595
396	0.1764
397	0.07124
398	0.2282
399	0.08083
400	0.1914
401	0.02235
402	0.337
403	0.1531
404	0.06779
405	0.1565
406	0.1776
407	0.0318
408	0.06285
409	0.3008
410	0.05511
411	0.0825
412	0.1442
413	0.02124
414	0.3029
415	0.01246
416	0.1691
417	0.05527
418	0.03628
419	0.3077
420	0.00536
421	0.07961
422	0.2213
423	0.01039
424	0.2659
425	0.1318
426	0.1247
427	0.3094
428	0.06576
429	0.05528
430	0.2709
431	0.01406
432	0.1025
433	0.2236
434	0.1288
435	0.07631
436	0.1103
437	0.02088
438	0.2531
439	0.002073
440	0.1906
441	0.4067
442	0.2246
443	0.02756
444	0.01471
445	0.03297
446	0.04943
447	0.2335
448	0.2398
449	0.04561
450	0.02591
451	0.2013
452	0.02471
453	0.3411
454	0.1521
455	0.007261
456	0.06032
457	0.1944
458	0.3055
459	0.0249
460	0.08065
461	0.1626
462	0.05677
463	0.04185
464	0.04306
465	0.2979
466	0.03665
467	0.1237
468	0.2196
469	0.07211
470	0.2514
471	0.1234
472	0.08346
473	0.1308
474	0.02729
475	0.09639
476	0.1714
477	0.002834
478	0.03223
479	0.1501
480	0.1471
481	0.2071
482	0.1694
483	0.1458
484	0.02999
485	0.4148
486	0.2728
487	0.02836
488	0.339
489	0.122
490	0.1809
491	0.1024
492	0.08608
493	0.09358
494	0.22
495	0.1044
496	0.03827
497	0.02048
498	0.04326
499	0.08846
500	0.2275
251	0.2368
252	0.2567
253	0.5062
254	0.4244
255	0.7698
256	0.6482
257	0.5207
258	0.4342
259	0.3372
260	0.4458
261	0.5029
262	0.4948
263	0.4439
264	0.7092
265	0.5216
266	0.2137
267	0.1749
268	0.6199
269	0.452
270	0.5395
271	0.5994
272	0.5719
273	0.4725
274	0.5158
275	0.5255
276	0.1289
277	0.3463
278	0.8086
279	0.5459
280	0.7025
281	0.7533
282	0.7947
283	0.4615
284	0.2569
285	0.3987
286	0.2708
287	0.6884
288	0.5216
289	0.5078
290	0.5296
291	0.6091
292	0.6231
293	0.6118
294	0.6633
295	0.4384
296	0.583
297	0.5251
298	0.5105
299	0.652
300	0.4578
301	0.8309
302	0.6011
303	0.5998
304	0.58
305	0.6296
306	0.4308
307	0.5563
308	0.5667
309	0.3948
310	0.2727
311	0.4616
312	0.3983
313	0.1955
314	0.5567
315	0.1717
316	0.4188
317	0.5139
318	0.5787
319	0.2817
320	0.4768
321	0.649
322	0.5937
323	0.7735
324	0.2643
325	0.5497
326	0.5436
327	0.4467
328	0.5335
329	0.5631
330	0.2973
331	0.3912
332	0.5778
333	0.3932
334	0.6021
335	0.4465
336	0.5419
337	0.7021
338	0.6276
339	0.4522
340	0.8051
341	0.4712
342	0.2703
343	0.3314
344	0.4672
345	0.3889
346	0.3675
347	0.4986
348	0.4171
349	0.362
350	0.6471
351	0.6129
352	0.2427
353	0.6374
354	0.6744
355	0.4384
356	0.4464
357	0.6242
358	0.4934
359	0.1884
360	0.4996
361	0.6015
362	0.4957
363	0.1753
364	0.2329
365	0.5708
366	0.7692
367	0.5251
368	0.2906
369	0.505
370	0.3235
371	0.4623
372	0.4889
373	0.4627
374	0.5178
375	0.5474
376	0.3358
377	0.4991
378	0.4248
379	0.6295
380	0.5416
381	0.2385
382	0.4728
383	0.605
384	0.4129
385	0.5429
386	0.4519
387	0.57
388	0.6233
389	0.4283
390	0.6807
391	0.335
392	0.5095
393	0.6184
394	0.4515
395	0.3479
396	0.3969
397	0.6589
398	0.6536
399	0.5792
400	0.5159
401	0.4058
402	0.7186
403	0.2814
404	0.5484
405	0.5677
406	0.645
407	0.5514
408	0.2689
409	0.1576
410	0.3657
411	0.6509
412	0.7027
413	0.6007
414	0.5698
415	0.8208
416	0.7667
417	0.4867
418	0.5159
419	0.5301
420	0.4738
421	0.4167
422	0.6241
423	0.3345
424	0.3551
425	0.4001
426	0.4545
427	0.627
428	0.6431
429	0.6736
430	0.618
431	0.4539
432	0.6435
433	0.5096
434	0.4561
435	0.5444
436	0.368
437	0.574
438	0.491
439	0.5889
440	0.3824
441	0.6837
442	0.419
443	0.4754
444	0.2415
445	0.147
446	0.3252
447	0.2457
448	0.7044
449	0.6521
450	0.35
451	0.5754
452	0.4506
453	0.2693
454	0.4748
455	0.7677
456	0.3911
457	0.572
458	0.3824
459	0.5248
460	0.1369
461	0.4938
462	0.4203
463	0.7088
464	0.3501
465	0.3371
466	0.6075
467	0.4661
468	0.5401
469	0.5241
470	0.1788
471	0.6915
472	0.6848
473	0.2742
474	0.5848
475	0.2366
476	0.5613
477	0.1469
478	0.6594
479	0.3468
480	0.6484
481	0.4097
482	0.5004
483	0.511
484	0.415
485	0.4368
486	0.5373
487	0.4634
488	0.5376
489	0.5209
490	0.3977
491	0.487
492	0.3627
493	0.7268
494	0.5413
495	0.4524
496	0.6171
497	0.5579
498	0.423
499	0.2309
500	0.334
251	0.5544
252	0.06206
253	0.148
254	0.2014
255	0.04631
256	0.136
257	0.04051
258	0.287
259	0.09541
260	0.06266
261	0.1907
262	0.0848
263	0.1142
264	0.05143
265	0.2833
266	0.184
267	0.4511
268	0.125
269	0.2529
270	0.2283
271	0.2231
272	0.03828
273	0.3382
274	0.2085
275	0.4177
276	0.3168
277	0.3101
278	0.05036
279	0.2261
280	0.1842
281	0.09337
282	0.04754
283	0.3252
284	0.2521
285	0.144
286	0.4197
287	0.08459
288	0.2612
289	0.09204
290	0.2573
291	0.2827
292	0.1354
293	0.2994
294	0.1327
295	0.2914
296	0.1238
297	0.3416
298	0.3
299	0.1632
300	0.313
301	0.009472
302	0.1313
303	0.02009
304	0.1431
305	0.006605
306	0.3412
307	0.2925
308	0.2981
309	0.4196
310	0.4631
311	0.1324
312	0.1015
313	0.6019
314	0.3233
315	0.6874
316	0.388
317	0.1867
318	0.0122
319	0.3131
320	0.3946
321	0.1749
322	0.06128
323	0.01875
324	0.3527
325	0.09378
326	0.212
327	0.2921
328	0.05626
329	0.2038
330	0.5561
331	0.0739
332	0.1884
333	0.179
334	0.2189
335	0.229
336	0.2959
337	0.03507
338	0.02818
339	0.2285
340	0.03327
341	0.3368
342	0.3126
343	0.3365
344	0.1895
345	0.2446
346	0.2291
347	0.1684
348	0.4166
349	0.2099
350	0.2761
351	0.1159
352	0.3554
353	0.06196
354	0.2585
355	0.4
356	0.1449
357	0.1136
358	0.3505
359	0.3589
360	0.125
361	0.1385
362	0.274
363	0.4954
364	0.2511
365	0.2127
366	0.01631
367	0.2989
368	0.4332
369	0.2561
370	0.3519
371	0.2898
372	0.1152
373	0.2902
374	0.3006
375	0.003207
376	0.1851
377	0.1429
378	0.2017
379	0.09398
380	0.2988
381	0.2541
382	0.2946
383	0.2369
384	0.4659
385	0.1467
386	0.4194
387	0.282
388	0.08902
389	0.158
390	0.03375
391	0.179
392	0.2726
393	0.009256
394	0.4436
395	0.3322
396	0.4027
397	0.04741
398	0.1341
399	0.08609
400	0.2634
401	0.08916
402	0.2458
403	0.2613
404	0.04385
405	0.2533
406	0.213
407	0.1813
408	0.258
409	0.5473
410	0.4832
411	0.1944
412	0.1432
413	0.3351
414	0.235
415	0.07786
416	0.01116
417	0.1749
418	0.07381
419	0.2636
420	0.08739
421	0.1841
422	0.2726
423	0.4436
424	0.4607
425	0.08564
426	0.06042
427	0.2094
428	0.05598
429	0.2405
430	0.09028
431	0.1719
432	0.08782
433	0.09535
434	0.3304
435	0.2245
436	0.3509
437	0.1437
438	0.05703
439	0.2407
440	0.2267
441	0.1757
442	0.3413
443	0.2659
444	0.04818
445	0.4538
446	0.2557
447	0.4542
448	0.1616
449	0.06235
450	0.153
451	0.1212
452	0.3671
453	0.4625
454	0.1304
455	0.002413
456	0.2552
457	0.09792
458	0.2355
459	0.236
460	0.4961
461	0.413
462	0.3314
463	0.2035
464	0.3953
465	0.3613
466	0.2237
467	0.07766
468	0.3186
469	0.1828
470	0.37
471	0.2095
472	0.06395
473	0.386
474	0.04835
475	0.09996
476	0.1468
477	0.3097
478	0.01964
479	0.2597
480	0.1797
481	0.3479
482	0.2909
483	0.1874
484	0.09989
485	0.2041
486	0.2498
487	0.216
488	0.1396
489	0.2866
490	0.2771
491	0.3265
492	0.3129
493	0.2144
494	0.1868
495	0.3001
496	0.2155
497	0.1262
498	0.3372
499	0.1234
500	0.4108
251	0.1638
252	0.392
253	0.3101
254	0.1492
255	0.05278
256	0.2064
257	0.3993
258	0.1701
259	0.2131
260	0.3935
261	0.2907
262	0.322
263	0.4167
264	0.2377
265	0.1887
266	0.1556
267	0.2387
268	0.1618
269	0.29
270	0.1008
271	0.1366
272	0.2569
273	0.04452
274	0.08386
275	0.0336
276	0.2547
277	0.2553
278	0.1068
279	0.1048
280	0.09479
281	0.1246
282	0.1524
283	0.07629
284	0.4768
285	0.4451
286	0.1239
287	0.02756
288	0.1958
289	0.224
290	0.1447
291	0.09907
292	0.2372
293	0.04364
294	0.1711
295	0.1824
296	0.2581
297	0.101
298	0.1381
299	0.1148
300	0.09078
301	0.1496
302	0.2145
303	0.1094
304	0.07899
305	0.2436
306	0.05512
307	0.0493
308	0.1065
309	0.09501
310	0.1363
311	0.3466
312	0.415
313	0.184
314	0.02932
315	0.01255
316	0.1545
317	0.1053
318	0.2348
319	0.1929
320	0.06874
321	0.1475
322	0.1087
323	0.1332
324	0.3821
325	0.07634
326	0.1802
327	0.1333
328	0.3165
329	0.1649
330	0.06811
331	0.3291
332	0.2145
333	0.3713
334	0.1048
335	0.2089
336	0.1116
337	0.2169
338	0.0647
339	0.2477
340	0.08736
341	0.1036
342	0.3622
343	0.1331
344	0.3151
345	0.1569
346	0.3928
347	0.2521
348	0.09102
349	0.2291
350	0.03363
351	0.2107
352	0.1287
353	0.2848
354	0.03217
355	0.1213
356	0.2473
357	0.03053
358	0.1459
359	0.1746
360	0.1585
361	0.09029
362	0.1684
363	0.1306
364	0.3714
365	0.1526
366	0.004576
367	0.1402
368	0.2569
369	0.1309
370	0.1981
371	0.2362
372	0.2859
373	0.1579
374	0.1814
375	0.1935
376	0.4364
377	0.01479
378	0.3327
379	0.2135
380	0.1258
381	0.1703
382	0.08905
383	0.1227
384	0.1202
385	0.1834
386	0.1151
387	0.01979
388	0.2316
389	0.1585
390	0.1456
391	0.2253
392	0.1296
393	0.3125
394	0.08672
395	0.2294
396	0.01438
397	0.1325
398	0.0628
399	0.2963
400	0.07074
401	0.1692
402	0.01973
403	0.3028
404	0.126
405	0.106
406	0.0728
407	0.08624
408	0.2751
409	0.2301
410	0.1211
411	0.07617
412	0.1361
413	0.0332
414	0.1232
415	0.07667
416	0.2217
417	0.1645
418	0.1482
419	0.2053
420	0.191
421	0.2339
422	0.06623
423	0.1593
424	0.1585
425	0.3503
426	0.2649
427	0.04998
428	0.1796
429	0.05122
430	0.08964
431	0.09735
432	0.2067
433	0.3102
434	0.1512
435	0.1162
436	0.226
437	0.07042
438	0.3723
439	0.08116
440	0.3143
441	0.1318
442	0.1086
443	0.1869
444	0.2697
445	0.2674
446	0.2467
447	0.2907
448	0.08064
449	0.1297
450	0.07103
451	0.1416
452	0.1688
453	0.192
454	0.1878
455	0.193
456	0.1284
457	0.2704
458	0.3251
459	0.1796
460	0.2815
461	0.05012
462	0.1437
463	0.06325
464	0.2526
465	0.2574
466	0.01758
467	0.27
468	0.1048
469	0.196
470	0.2803
471	0.09698
472	0.2161
473	0.1863
474	0.08007
475	0.4276
476	0.2733
477	0.2495
478	0.1246
479	0.356
480	0.1263
481	0.1738
482	0.1885
483	0.1808
484	0.1247
485	0.2659
486	0.202
487	0.218
488	0.2058
489	0.08123
490	0.2145
491	0.04008
492	0.0707
493	0.01191
494	0.2368
495	0.07902
496	0.1551
497	0.1856
498	0.1124
499	0.3322
500	0.217
251	0.04501
252	0.2893
253	0.03567
254	0.2249
255	0.1311
256	0.009437
257	0.03944
258	0.1086
259	0.3543
260	0.09806
261	0.01573
262	0.09835
263	0.02528
264	0.001673
265	0.006346
266	0.4467
267	0.1353
268	0.09331
269	0.005124
270	0.1314
271	0.04091
272	0.1329
273	0.1448
274	0.1918
275	0.02316
276	0.2996
277	0.08832
278	0.03433
279	0.1231
280	0.0185
281	0.0287
282	0.005316
283	0.137
284	0.01422
285	0.01228
286	0.1856
287	0.1995
288	0.02143
289	0.1762
290	0.06839
291	0.009171
292	0.004223
293	0.04513
294	0.03289
295	0.08772
296	0.03511
297	0.03235
298	0.05132
299	0.07006
300	0.1384
301	0.009967
302	0.05306
303	0.2707
304	0.1979
305	0.1201
306	0.1729
307	0.102
308	0.02872
309	0.0906
310	0.128
311	0.05941
312	0.08513
313	0.01858
314	0.09064
315	0.1284
316	0.03864
317	0.1941
318	0.1743
319	0.2122
320	0.05994
321	0.02863
322	0.2363
323	0.07453
324	8.141E-4
325	0.2802
326	0.06416
327	0.1279
328	0.09373
329	0.06816
330	0.07845
331	0.2058
332	0.01932
333	0.0564
334	0.07414
335	0.1157
336	0.05057
337	0.04593
338	0.2796
339	0.07157
340	0.07422
341	0.08846
342	0.05499
343	0.1991
344	0.02816
345	0.2096
346	0.0105
347	0.08089
348	0.07532
349	0.1991
350	0.0432
351	0.06058
352	0.2731
353	0.01587
354	0.03498
355	0.04034
356	0.1614
357	0.2317
358	0.01014
359	0.2781
360	0.2169
361	0.1697
362	0.06193
363	0.1986
364	0.1447
365	0.06382
366	0.2099
367	0.03578
368	0.01935
369	0.108
370	0.1266
371	0.01173
372	0.11
373	0.0892
374	2.53E-4
375	0.2559
376	0.04273
377	0.3432
378	0.04079
379	0.06298
380	0.03385
381	0.3371
382	0.1436
383	0.03545
384	9.46E-4
385	0.127
386	0.01363
387	0.1282
388	0.05613
389	0.2552
390	0.14
391	0.2607
392	0.0883
393	0.05989
394	0.01825
395	0.09044
396	0.186
397	0.1613
398	0.1495
399	0.03839
400	0.15
401	0.3359
402	0.01587
403	0.1544
404	0.2817
405	0.07299
406	0.06924
407	0.1811
408	0.1979
409	0.065
410	0.02992
411	0.07853
412	0.01795
413	0.03095
414	0.07198
415	0.02469
416	4.263E-4
417	0.1738
418	0.2621
419	0.00103
420	0.2477
421	0.1654
422	0.03709
423	0.06258
424	0.02576
425	0.1639
426	0.2202
427	0.1136
428	0.1213
429	0.03465
430	0.2021
431	0.2769
432	0.06201
433	0.08484
434	0.06221
435	0.115
436	0.05512
437	0.2119
438	0.07971
439	0.08926
440	0.07651
441	0.008775
442	0.1311
443	0.07175
444	0.4406
445	0.1318
446	0.1724
447	0.009399
448	0.05326
449	0.1559
450	0.426
451	0.1617
452	0.01352
453	0.07626
454	0.207
455	0.03697
456	0.2252
457	0.05975
458	0.05696
459	0.05957
460	0.08551
461	0.04306
462	0.1046
463	0.02442
464	0.001984
465	0.04417
466	0.1512
467	0.1862
468	0.03642
469	0.0971
470	0.1709
471	0.001992
472	0.03518
473	0.1536
474	0.2867
475	0.2359
476	0.01873
477	0.2938
478	0.1963
479	0.03746
480	0.0456
481	0.06864
482	0.02011
483	0.1207
484	0.3604
485	0.09318
486	0.01086
487	0.1025
488	0.117
489	0.1113
490	0.1107
491	0.1465
492	0.2537
493	0.04693
494	0.03505
495	0.1685
496	0.01224
497	0.1303
498	0.1274
499	0.3135
500	0.03816
251	0.5846
252	0.2069
253	0.5805
254	0.4451
255	0.515
256	0.04569
257	0.802
258	0.5984
259	0.2916
260	0.5193
261	0.4623
262	0.08068
263	0.5104
264	0.5098
265	0.195
266	0.7388
267	0.6547
268	0.5012
269	0.3885
270	0.1572
271	0.3631
272	0.505
273	0.6405
274	0.343
275	0.2678
276	0.07144
277	0.5219
278	0.2878
279	0.4546
280	0.189
281	0.5515
282	0.3984
283	0.06332
284	0.4284
285	0.1284
286	0.3129
287	0.3339
288	0.07721
289	0.314
290	0.1891
291	0.2645
292	0.2617
293	0.1637
294	0.4214
295	0.3149
296	0.3823
297	0.4658
298	0.6507
299	0.6117
300	0.6316
301	0.06186
302	0.5567
303	0.1163
304	0.6395
305	0.7344
306	0.5004
307	0.5538
308	0.6049
309	0.4152
310	0.09034
311	0.2838
312	0.8899
313	0.5419
314	0.4928
315	0.269
316	0.8016
317	0.2426
318	0.3229
319	0.7282
320	0.1713
321	0.4186
322	0.588
323	0.3684
324	0.1508
325	0.6211
326	0.4845
327	0.2884
328	0.3245
329	0.1324
330	0.4412
331	0.257
332	0.4313
333	0.6984
334	0.1361
335	0.7442
336	0.2742
337	0.5618
338	0.3042
339	0.5864
340	0.2707
341	0.4131
342	0.391
343	0.3504
344	0.4826
345	0.4858
346	0.5805
347	0.2837
348	0.5448
349	0.3865
350	0.3644
351	0.2939
352	0.3741
353	0.576
354	0.4633
355	0.723
356	0.4608
357	0.4906
358	0.6208
359	0.7902
360	0.7507
361	0.6836
362	0.5931
363	0.159
364	0.6078
365	0.3756
366	0.2806
367	0.6024
368	0.8079
369	0.7045
370	0.1919
371	0.5204
372	0.9098
373	0.1539
374	0.3602
375	0.6266
376	0.1693
377	0.7339
378	0.6794
379	0.02123
380	0.2537
381	0.6109
382	0.4165
383	0.2076
384	0.3752
385	0.6081
386	0.3533
387	0.5523
388	0.1342
389	0.4463
390	0.5275
391	0.04786
392	0.5607
393	0.7386
394	0.3346
395	0.3283
396	0.6401
397	0.5796
398	0.4971
399	0.4
400	0.4194
401	0.05592
402	0.3642
403	0.3061
404	0.4889
405	0.05066
406	0.3888
407	0.4149
408	0.2886
409	0.5643
410	0.4487
411	0.2585
412	0.5283
413	0.2574
414	0.7489
415	0.487
416	0.1507
417	0.1975
418	0.3299
419	0.6069
420	0.7704
421	0.3385
422	0.2622
423	0.5154
424	0.5857
425	0.5281
426	0.3271
427	0.5657
428	0.153
429	0.1428
430	0.4257
431	0.4664
432	0.2197
433	0.4865
434	0.5408
435	0.5463
436	0.7367
437	0.1751
438	0.6505
439	0.4227
440	0.6745
441	0.5186
442	0.184
443	0.4474
444	0.5194
445	0.3174
446	0.5497
447	0.3915
448	0.3738
449	0.5478
450	0.3495
451	0.02774
452	0.1622
453	0.5375
454	0.05439
455	0.4274
456	0.6166
457	0.6077
458	0.796
459	0.2082
460	0.6753
461	0.1491
462	0.5398
463	0.6346
464	0.06426
465	0.5897
466	0.4258
467	0.5542
468	0.4191
469	0.5857
470	0.3263
471	0.4581
472	0.5784
473	0.08911
474	0.5228
475	0.1008
476	0.2653
477	0.04926
478	0.5973
479	0.2221
480	0.6761
481	0.5688
482	0.563
483	0.7594
484	0.441
485	0.7864
486	0.4612
487	0.6753
488	0.4926
489	0.4866
490	0.6318
491	0.02998
492	0.6845
493	0.3917
494	0.4316
495	0.5318
496	0.2658
497	0.22
498	0.4987
499	0.5494
500	0.5694
251	0.2294
252	0.5447
253	0.05375
254	0.1257
255	0.06304
256	0.396
257	0.01762
258	0.05124
259	0.5579
260	0.3782
261	0.05703
262	0.7162
263	0.2587
264	0.08301
265	0.4519
266	0.05288
267	0.284
268	0.3936
269	0.1269
270	0.3931
271	0.3074
272	0.266
273	0.1854
274	0.3874
275	0.1774
276	0.08973
277	0.2554
278	0.4826
279	0.2046
280	0.2882
281	0.1817
282	0.2681
283	0.4602
284	0.2038
285	0.5674
286	0.04446
287	0.3079
288	0.3908
289	0.2611
290	0.3782
291	0.1336
292	0.1511
293	0.141
294	0.3384
295	0.4728
296	0.2844
297	0.1713
298	0.3467
299	0.04123
300	0.2141
301	0.03175
302	0.231
303	0.3754
304	0.04927
305	0.1294
306	0.1801
307	0.3233
308	0.1502
309	0.03109
310	0.4491
311	0.3906
312	0.03967
313	0.1451
314	0.09771
315	0.09526
316	0.06252
317	0.447
318	0.497
319	0.07182
320	0.2957
321	0.126
322	0.1034
323	0.3858
324	0.5009
325	0.2891
326	0.365
327	0.2294
328	0.6036
329	0.1311
330	0.1819
331	0.3907
332	0.3418
333	0.1156
334	0.7793
335	0.03257
336	0.3446
337	0.2386
338	0.4037
339	0.0602
340	0.3569
341	0.2465
342	0.5741
343	0.4624
344	0.1788
345	0.3151
346	0.205
347	0.5377
348	0.2269
349	0.3696
350	0.297
351	0.3524
352	0.3439
353	0.3111
354	0.02684
355	0.04069
356	0.2891
357	0.3194
358	0.05212
359	0.0782
360	0.06202
361	0.1893
362	0.1491
363	0.1172
364	0.2383
365	0.09318
366	0.387
367	0.231
368	0.0405
369	0.02601
370	0.5569
371	0.278
372	0.01111
373	0.08254
374	0.3051
375	0.1239
376	0.6841
377	0.1854
378	0.009465
379	0.3647
380	0.07352
381	0.303
382	0.3945
383	0.24
384	0.1677
385	0.2324
386	0.136
387	0.2281
388	0.4918
389	0.4904
390	0.09937
391	0.791
392	0.2676
393	0.2022
394	0.3895
395	0.3473
396	0.2042
397	0.1699
398	0.4269
399	0.2402
400	0.2753
401	0.5201
402	0.2605
403	0.3877
404	0.3893
405	0.2646
406	0.3541
407	0.01326
408	0.19
409	0.03046
410	0.1515
411	0.2888
412	0.02864
413	0.4905
414	0.1379
415	0.1544
416	0.4964
417	0.4993
418	0.1828
419	0.2847
420	0.147
421	0.07496
422	0.429
423	0.2095
424	0.2248
425	0.3103
426	0.5231
427	0.3513
428	0.3407
429	0.3661
430	0.2403
431	0.103
432	0.5889
433	0.4186
434	0.05702
435	0.236
436	0.02856
437	0.5589
438	0.09366
439	0.2895
440	0.007212
441	0.2815
442	0.3372
443	0.1942
444	0.2202
445	0.3695
446	0.3462
447	0.4177
448	0.5272
449	0.134
450	0.1783
451	0.3194
452	0.6714
453	0.145
454	0.5035
455	0.04208
456	0.2331
457	0.2686
458	0.04909
459	0.2727
460	0.03777
461	0.2902
462	0.2063
463	0.1064
464	0.5046
465	0.05537
466	0.4042
467	0.3108
468	0.06472
469	0.01393
470	0.4889
471	0.3142
472	0.09267
473	0.3705
474	0.05022
475	0.5189
476	0.4264
477	0.8136
478	0.3347
479	0.4662
480	0.04584
481	0.04266
482	0.09959
483	0.02401
484	0.2128
485	0.1428
486	0.4
487	0.1954
488	0.1252
489	0.3352
490	0.2401
491	0.3715
492	0.02444
493	0.1719
494	0.2734
495	0.158
496	0.1902
497	0.3854
498	0.3955
499	0.01759
500	0.0549
251	0.09481
252	0.1425
253	0.2372
254	0.3255
255	0.388
256	0.1511
257	0.1326
258	0.09683
259	0.1457
260	0.001641
261	0.31
262	0.1496
263	0.1333
264	0.1812
265	0.1874
266	0.1422
267	0.01301
268	0.06554
269	0.48
270	0.3391
271	0.2691
272	0.2033
273	0.1336
274	0.2484
275	0.4505
276	0.6434
277	0.148
278	0.2047
279	0.2462
280	0.3634
281	0.2161
282	0.2589
283	0.3263
284	0.366
285	0.1242
286	0.3252
287	0.3432
288	0.2462
289	0.2964
290	0.2574
291	0.3254
292	0.5272
293	0.4757
294	0.1677
295	0.1618
296	0.2323
297	0.09387
298	2.904E-4
299	0.2292
300	0.1138
301	0.6874
302	0.1724
303	0.3688
304	0.1851
305	0.01221
306	0.2719
307	0.05349
308	0.199
309	0.3862
310	0.3455
311	0.2658
312	0.06169
313	0.01875
314	0.3072
315	0.2825
316	0.07084
317	0.1943
318	0.1161
319	0.1136
320	0.2278
321	0.3645
322	0.2266
323	0.01677
324	0.1336
325	0.007019
326	0.1436
327	0.408
328	0.06483
329	0.2865
330	0.1823
331	0.285
332	0.04034
333	0.1795
334	0.0218
335	0.03911
336	0.1911
337	0.09552
338	0.2439
339	0.25
340	0.2148
341	0.2659
342	0.03134
343	0.06075
344	0.3149
345	0.1303
346	0.1388
347	0.1617
348	0.1392
349	0.1858
350	0.3106
351	0.3077
352	0.2043
353	0.008438
354	0.3479
355	0.1199
356	0.2137
357	0.07472
358	0.1154
359	0.1256
360	0.1706
361	0.09152
362	0.1301
363	0.6294
364	0.07297
365	0.09228
366	0.2819
367	0.1657
368	0.1459
369	0.239
370	0.1891
371	0.118
372	0.07007
373	0.3271
374	0.2067
375	0.1389
376	0.1301
377	0.05009
378	0.2253
379	0.2497
380	0.3634
381	0.0383
382	0.1869
383	0.244
384	0.2602
385	0.145
386	0.5044
387	0.2173
388	0.09905
389	0.02269
390	0.1984
391	0.1287
392	0.1474
393	0.02497
394	0.2519
395	0.2163
396	0.05973
397	0.1885
398	0.01955
399	0.3061
400	0.2168
401	0.2732
402	0.3086
403	0.166
404	0.05471
405	0.4856
406	0.2318
407	0.3847
408	0.2507
409	0.3353
410	0.1858
411	0.1943
412	0.1278
413	0.07541
414	0.09518
415	0.2865
416	0.2015
417	0.2958
418	0.3066
419	0.105
420	0.06625
421	0.3896
422	0.2152
423	0.1215
424	0.118
425	0.08593
426	0.06899
427	0.08111
428	0.3532
429	0.3062
430	0.2788
431	0.3106
432	0.05613
433	0.05956
434	0.122
435	0.03749
436	0.1533
437	0.116
438	0.1418
439	0.04651
440	0.08114
441	0.1907
442	0.2849
443	0.3333
444	0.0749
445	0.134
446	0.0549
447	0.1708
448	0.09567
449	0.1512
450	0.3939
451	0.337
452	0.1662
453	0.181
454	0.3453
455	0.3417
456	0.1257
457	0.06163
458	0.002637
459	0.0686
460	0.1933
461	0.3181
462	0.0312
463	0.2467
464	0.1972
465	0.3454
466	0.1072
467	0.03444
468	0.21
469	0.1641
470	0.1052
471	0.1927
472	0.1196
473	0.3388
474	0.3524
475	0.09115
476	0.1486
477	0.06876
478	0.04692
479	0.2051
480	0.04689
481	0.127
482	0.04557
483	0.09353
484	0.3056
485	0.04866
486	0.134
487	4.214E-4
488	0.3336
489	0.168
490	0.1222
491	0.3725
492	0.2397
493	0.2492
494	0.1813
495	0.2139
496	0.3865
497	0.2022
498	0.05423
499	0.3883
500	0.1254
251	0.09119
252	0.106
253	0.1286
254	0.1037
255	0.034
256	0.4072
257	0.04777
258	0.2535
259	0.004766
260	0.1009
261	0.1707
262	0.05359
263	0.09765
264	0.226
265	0.1657
266	0.06612
267	0.04827
268	0.03967
269	0.004534
270	0.1106
271	0.06041
272	0.0257
273	0.04042
274	0.02125
275	0.1043
276	0.1955
277	0.07459
278	0.02484
279	0.09463
280	0.1593
281	0.05062
282	0.07461
283	0.1502
284	0.00183
285	0.18
286	0.3174
287	0.01498
288	0.2858
289	0.1285
290	0.1753
291	0.2765
292	0.06002
293	0.2195
294	0.07255
295	0.0505
296	0.1009
297	0.269
298	0.002324
299	0.1179
300	0.04047
301	0.219
302	0.03994
303	0.1395
304	0.1261
305	0.124
306	0.04755
307	0.06942
308	0.04584
309	0.1675
310	0.115
311	0.05991
312	0.00878
313	0.2943
314	0.1023
315	0.3532
316	0.06505
317	0.116
318	0.06398
319	0.0864
320	0.3052
321	0.09086
322	0.08199
323	0.229
324	0.2147
325	0.08273
326	0.006916
327	0.07416
328	0.007069
329	0.4499
330	0.1946
331	0.06736
332	0.1866
333	0.00649
334	0.06278
335	0.1841
336	0.1902
337	0.1042
338	0.04829
339	0.1034
340	0.1576
341	0.07448
342	0.003641
343	0.1264
344	0.02372
345	0.06884
346	0.07571
347	0.01694
348	0.08919
349	0.05805
350	0.02799
351	0.04599
352	0.0777
353	0.1045
354	0.162
355	0.1164
356	0.03639
357	0.1153
358	0.2117
359	0.005995
360	0.01668
361	0.03558
362	0.1277
363	0.09448
364	0.08097
365	0.439
366	0.05051
367	9.361E-4
368	0.00569
369	0.03051
370	0.0621
371	0.08366
372	0.009058
373	0.4365
374	0.1281
375	0.1107
376	0.01643
377	0.03053
378	0.0858
379	0.3643
380	0.3094
381	0.04773
382	0.002081
383	0.3084
384	0.1969
385	0.01452
386	0.006357
387	0.00237
388	0.275
389	0.04064
390	0.1747
391	0.0325
392	0.02426
393	0.03428
394	0.024
395	0.1082
396	0.09588
397	0.06195
398	0.05644
399	0.0537
400	0.08857
401	0.1509
402	0.06665
403	0.1402
404	0.06709
405	0.1991
406	0.02538
407	0.1872
408	0.2707
409	0.06999
410	0.2139
411	0.2583
412	0.3154
413	0.1768
414	0.01802
415	0.07216
416	0.1514
417	0.007338
418	0.1807
419	0.00344
420	0.01636
421	0.1969
422	0.0935
423	0.1537
424	0.07154
425	0.07567
426	0.0808
427	0.001912
428	0.153
429	0.1849
430	0.05517
431	0.12
432	0.1353
433	0.03536
434	0.2802
435	0.1802
436	0.08151
437	0.15
438	0.114
439	0.2413
440	0.2371
441	0.009264
442	0.1939
443	0.02509
444	0.1855
445	0.1791
446	0.04912
447	0.01998
448	0.003279
449	0.1669
450	0.07835
451	0.3158
452	2.003E-4
453	0.1364
454	0.09685
455	0.1889
456	0.02465
457	0.06199
458	0.1523
459	0.4505
460	0.09367
461	0.2427
462	0.2226
463	0.01225
464	0.2339
465	0.009469
466	0.06282
467	0.1006
468	0.3062
469	0.2362
470	0.07964
471	0.03498
472	0.2093
473	0.2016
474	0.07463
475	0.2892
476	0.1597
477	0.06835
478	0.0211
479	0.1066
480	0.2312
481	0.2615
482	0.2918
483	0.1231
484	0.04068
485	0.02216
486	0.004794
487	0.1289
488	0.04859
489	0.01016
490	0.005828
491	0.226
492	0.05137
493	0.1872
494	0.1137
495	0.09633
496	0.1576
497	0.1924
498	0.05155
499	0.04473
500	0.2502
