deviance	1	250
div[1,1]	251	500
div[1,2]	501	750
div[1,3]	751	1000
div[1,4]	1001	1250
div[2,1]	1251	1500
div[2,2]	1501	1750
div[2,3]	1751	2000
div[2,4]	2001	2250
div[3,1]	2251	2500
div[3,2]	2501	2750
div[3,3]	2751	3000
div[3,4]	3001	3250
div[4,1]	3251	3500
div[4,2]	3501	3750
div[4,3]	3751	4000
div[4,4]	4001	4250
theta[1,1]	4251	4500
theta[1,2]	4501	4750
theta[1,3]	4751	5000
theta[1,4]	5001	5250
theta[2,1]	5251	5500
theta[2,2]	5501	5750
theta[2,3]	5751	6000
theta[2,4]	6001	6250
theta[3,1]	6251	6500
theta[3,2]	6501	6750
theta[3,3]	6751	7000
theta[3,4]	7001	7250
