251	314.3
252	288.4
253	293.7
254	294.9
255	261.6
256	288.2
257	277.2
258	287.5
259	302.7
260	302.1
261	286.2
262	294.4
263	297.6
264	290.4
265	293.0
266	287.3
267	305.0
268	265.5
269	270.6
270	307.1
271	292.3
272	288.0
273	280.6
274	302.3
275	298.6
276	285.9
277	311.9
278	302.3
279	287.7
280	312.3
281	281.5
282	282.2
283	302.7
284	294.1
285	298.6
286	284.4
287	306.2
288	292.9
289	277.2
290	264.5
291	292.9
292	305.2
293	311.5
294	302.4
295	310.0
296	300.8
297	288.9
298	295.7
299	309.6
300	269.3
301	310.3
302	304.1
303	303.3
304	291.9
305	296.5
306	324.8
307	291.8
308	289.2
309	296.5
310	296.9
311	301.1
312	314.7
313	296.9
314	281.0
315	278.3
316	308.1
317	286.1
318	288.3
319	295.4
320	291.2
321	303.1
322	282.0
323	282.5
324	295.5
325	312.0
326	277.2
327	290.4
328	318.8
329	291.6
330	279.8
331	271.1
332	310.2
333	284.6
334	309.3
335	308.9
336	285.8
337	298.4
338	302.6
339	298.0
340	313.6
341	316.5
342	309.5
343	277.4
344	295.0
345	297.8
346	315.9
347	264.2
348	290.3
349	314.3
350	256.8
351	303.3
352	297.2
353	297.9
354	287.5
355	291.8
356	291.7
357	294.3
358	310.4
359	306.1
360	309.1
361	307.3
362	299.3
363	300.3
364	292.7
365	266.5
366	282.1
367	307.8
368	302.8
369	301.8
370	283.6
371	310.3
372	301.7
373	289.9
374	298.4
375	296.4
376	308.6
377	293.9
378	302.7
379	293.8
380	266.6
381	301.5
382	300.5
383	310.1
384	298.9
385	297.1
386	306.8
387	310.4
388	299.9
389	301.3
390	294.8
391	297.7
392	288.5
393	271.9
394	288.4
395	278.4
396	286.9
397	316.7
398	303.5
399	284.2
400	296.9
401	294.5
402	274.7
403	291.2
404	286.7
405	286.7
406	275.7
407	292.1
408	291.7
409	284.8
410	292.9
411	304.9
412	294.1
413	315.5
414	275.1
415	307.7
416	281.0
417	287.6
418	286.0
419	279.3
420	304.2
421	298.8
422	271.9
423	301.2
424	279.9
425	307.9
426	301.4
427	307.6
428	299.0
429	307.4
430	299.1
431	302.3
432	305.5
433	295.0
434	279.4
435	289.3
436	289.2
437	305.7
438	295.4
439	292.2
440	263.3
441	312.2
442	269.4
443	293.1
444	299.9
445	302.7
446	286.2
447	301.5
448	290.4
449	265.9
450	310.9
451	307.3
452	295.2
453	292.0
454	286.8
455	287.6
456	293.1
457	298.5
458	284.4
459	280.4
460	307.1
461	289.9
462	310.5
463	298.1
464	289.1
465	295.4
466	275.3
467	316.6
468	305.5
469	297.9
470	299.1
471	291.2
472	271.2
473	269.7
474	290.6
475	294.4
476	304.2
477	274.2
478	315.6
479	294.0
480	284.0
481	321.8
482	299.0
483	302.8
484	292.4
485	305.7
486	301.9
487	296.7
488	307.2
489	290.8
490	302.5
491	293.5
492	297.0
493	304.5
494	313.5
495	271.8
496	304.9
497	299.0
498	293.4
499	292.2
500	296.5
251	0.2288
252	0.3164
253	0.1808
254	0.01322
255	0.3798
256	0.2453
257	0.6777
258	0.1507
259	0.8527
260	0.2061
261	0.5333
262	0.7862
263	0.5728
264	0.1576
265	0.1558
266	0.303
267	0.07084
268	0.3368
269	0.2651
270	0.1077
271	0.3719
272	0.4569
273	0.3734
274	0.1308
275	0.5054
276	0.2508
277	0.2686
278	0.4303
279	0.06826
280	0.2126
281	0.317
282	0.08246
283	0.4987
284	0.1766
285	0.5815
286	0.3229
287	0.1958
288	0.3036
289	0.2406
290	0.278
291	0.1342
292	0.5029
293	0.3966
294	0.3321
295	0.203
296	0.1482
297	0.2361
298	0.5659
299	0.5322
300	0.4468
301	0.5807
302	0.3395
303	0.04446
304	0.3542
305	0.5746
306	0.2811
307	0.3379
308	0.1624
309	0.01882
310	0.07999
311	0.2852
312	0.3317
313	0.1497
314	0.46
315	0.3972
316	0.2386
317	0.3426
318	0.2367
319	0.06111
320	0.3895
321	0.209
322	0.3935
323	0.2524
324	0.7777
325	0.3611
326	0.6665
327	0.3241
328	0.1577
329	0.4864
330	0.68
331	0.3223
332	0.51
333	0.7267
334	0.04672
335	0.3682
336	0.4837
337	0.1239
338	0.4051
339	0.1726
340	0.2467
341	0.4117
342	0.3057
343	0.1481
344	0.6168
345	0.181
346	0.5739
347	0.3542
348	0.1441
349	0.1976
350	0.2515
351	0.4751
352	0.1638
353	0.18
354	0.5413
355	0.1901
356	0.5065
357	0.2923
358	0.5198
359	0.1199
360	0.3097
361	0.1846
362	0.5369
363	0.2148
364	0.2977
365	0.3628
366	0.2492
367	0.08951
368	0.436
369	0.3403
370	0.2259
371	0.1115
372	0.1947
373	0.4027
374	0.3689
375	0.1018
376	0.1546
377	0.3887
378	0.3026
379	0.3578
380	0.3192
381	0.2279
382	0.3998
383	0.204
384	0.1113
385	0.1565
386	0.2958
387	0.1335
388	0.4179
389	0.2749
390	0.2303
391	0.0214
392	0.5137
393	0.07238
394	0.1746
395	0.3647
396	0.3932
397	0.4883
398	0.2088
399	0.159
400	0.4423
401	0.148
402	0.6435
403	0.5393
404	0.2479
405	0.6251
406	0.2064
407	0.1342
408	0.1939
409	0.2569
410	0.6918
411	0.7055
412	0.2082
413	0.6596
414	0.4945
415	0.4318
416	0.04422
417	0.2449
418	0.1674
419	0.2076
420	0.2843
421	0.2435
422	0.3439
423	0.4283
424	0.1375
425	0.39
426	0.332
427	0.2129
428	0.3393
429	0.3846
430	0.3843
431	0.1972
432	0.3828
433	0.503
434	0.117
435	0.09507
436	0.3902
437	0.1824
438	0.4231
439	0.4721
440	0.1751
441	0.1441
442	0.6751
443	0.01376
444	0.2753
445	0.242
446	0.4552
447	0.3348
448	0.7508
449	0.3217
450	0.7314
451	0.3896
452	0.2144
453	0.2503
454	0.2603
455	0.5314
456	0.317
457	0.38
458	0.579
459	0.2654
460	0.5077
461	0.173
462	0.5741
463	0.4664
464	0.1544
465	0.7974
466	0.1639
467	0.1712
468	0.233
469	0.271
470	0.1127
471	0.5626
472	0.01736
473	0.3915
474	0.4446
475	0.6647
476	0.37
477	0.3282
478	0.1717
479	0.2275
480	0.4681
481	0.192
482	0.1658
483	0.1969
484	0.1954
485	0.1901
486	0.1652
487	0.3847
488	0.07541
489	0.2037
490	0.4843
491	0.1326
492	0.2113
493	0.291
494	0.5301
495	0.5073
496	0.3349
497	0.2177
498	0.05034
499	0.1453
500	0.1862
251	0.2589
252	0.2601
253	0.6144
254	0.0937
255	0.009643
256	0.2079
257	0.1241
258	0.4479
259	0.04921
260	0.2211
261	0.05073
262	0.09581
263	0.2182
264	0.4874
265	0.3952
266	0.2756
267	0.6034
268	0.2508
269	0.05022
270	0.1339
271	0.2595
272	0.2749
273	0.2
274	0.2268
275	0.3039
276	0.4998
277	0.3137
278	0.1869
279	0.08556
280	0.3646
281	0.6044
282	0.5734
283	0.07675
284	0.6053
285	0.275
286	0.02497
287	0.2296
288	0.2756
289	0.2266
290	0.3257
291	0.5009
292	0.3156
293	0.3668
294	0.3113
295	0.312
296	0.4366
297	0.505
298	0.3827
299	0.1562
300	0.12
301	0.1246
302	0.523
303	0.1497
304	0.1875
305	0.1507
306	0.7046
307	0.1119
308	0.3958
309	0.1067
310	0.268
311	0.2705
312	0.5293
313	0.743
314	0.3896
315	0.04977
316	0.2002
317	0.4314
318	0.1351
319	0.1274
320	0.12
321	0.3527
322	0.05893
323	0.1007
324	0.1696
325	0.2998
326	0.1362
327	0.4195
328	0.3995
329	0.05667
330	0.1425
331	0.3303
332	0.2003
333	0.1458
334	0.2761
335	0.3109
336	0.1638
337	0.4056
338	0.3245
339	0.4727
340	0.2438
341	0.3391
342	0.342
343	0.1419
344	0.1687
345	0.149
346	0.1295
347	0.3073
348	0.4518
349	0.1306
350	0.1052
351	0.05695
352	0.04797
353	0.1089
354	0.2821
355	0.04507
356	0.1444
357	0.2366
358	0.2499
359	0.5032
360	0.2427
361	0.3812
362	0.1421
363	0.1896
364	0.3168
365	0.2663
366	0.1943
367	0.2733
368	0.3221
369	0.3468
370	0.3667
371	0.4149
372	0.393
373	0.07989
374	0.1697
375	0.3725
376	0.5882
377	0.1239
378	0.483
379	0.4546
380	0.2425
381	0.1683
382	0.3121
383	0.4234
384	0.292
385	0.2735
386	0.1121
387	0.3674
388	0.2477
389	0.5968
390	0.1596
391	0.189
392	0.198
393	0.05105
394	0.05083
395	0.07906
396	0.1082
397	0.2416
398	0.731
399	0.228
400	0.2133
401	0.04855
402	0.1537
403	0.1451
404	0.2983
405	0.166
406	0.1361
407	0.2004
408	0.167
409	0.3375
410	0.03381
411	0.1209
412	0.2365
413	0.1158
414	0.3978
415	0.2063
416	0.3796
417	0.5052
418	0.4662
419	0.06639
420	0.297
421	0.3836
422	0.1453
423	0.08979
424	0.3221
425	0.3159
426	0.2857
427	0.3759
428	0.1219
429	0.3139
430	0.1587
431	0.121
432	0.04814
433	0.1604
434	0.4924
435	0.1352
436	0.00513
437	0.2984
438	0.3006
439	0.1569
440	0.07244
441	0.3003
442	0.1204
443	0.1924
444	0.5403
445	0.4004
446	0.4425
447	0.3175
448	0.06568
449	0.4203
450	0.187
451	0.05413
452	0.3613
453	0.2226
454	0.09872
455	0.1824
456	0.1258
457	0.09938
458	0.04531
459	0.515
460	0.1594
461	0.2853
462	0.2233
463	0.03738
464	0.6034
465	0.04647
466	0.2213
467	0.5189
468	0.4203
469	0.5339
470	0.5151
471	0.2016
472	0.308
473	0.08666
474	0.2042
475	0.2004
476	0.1983
477	0.2683
478	0.3283
479	0.5335
480	0.08147
481	0.4315
482	0.4426
483	0.2885
484	0.1357
485	0.1949
486	0.1438
487	0.197
488	0.5574
489	0.3792
490	0.1573
491	0.3347
492	0.2051
493	0.2025
494	0.1014
495	0.09154
496	0.05503
497	0.5824
498	0.1418
499	0.4496
500	0.07823
251	0.3955
252	0.1197
253	0.1583
254	0.4415
255	0.2335
256	0.4612
257	0.03219
258	0.131
259	0.08599
260	0.3854
261	0.02898
262	0.07086
263	0.0465
264	0.1392
265	0.3114
266	0.1398
267	0.1683
268	0.1553
269	0.04199
270	0.6596
271	0.1513
272	0.04875
273	0.129
274	0.1009
275	0.06935
276	0.2423
277	0.1716
278	0.06812
279	0.2039
280	0.05053
281	0.05535
282	0.226
283	0.01433
284	0.1777
285	0.07169
286	0.155
287	0.2842
288	0.04795
289	0.186
290	0.3061
291	0.1923
292	0.1243
293	0.2182
294	0.1229
295	0.1815
296	0.04029
297	0.03354
298	0.01779
299	0.1059
300	0.1355
301	0.07277
302	0.03625
303	0.007078
304	0.2558
305	0.1701
306	0.01224
307	0.3639
308	0.2297
309	0.7201
310	0.3567
311	0.01164
312	0.1153
313	0.03729
314	0.002086
315	0.1097
316	0.12
317	0.05927
318	0.4834
319	0.1056
320	0.406
321	0.1347
322	0.3327
323	0.1763
324	0.01679
325	0.2916
326	0.174
327	0.2299
328	0.3248
329	0.2823
330	0.1465
331	0.1213
332	0.2718
333	0.09892
334	0.4351
335	0.2266
336	0.2689
337	0.3041
338	0.2685
339	0.2781
340	0.3291
341	0.09579
342	0.256
343	0.07828
344	0.116
345	0.0802
346	0.03288
347	0.06055
348	0.1252
349	0.6689
350	0.02124
351	0.3965
352	0.4376
353	0.6756
354	0.09483
355	0.05432
356	0.05584
357	0.3321
358	0.1728
359	0.3116
360	0.1584
361	0.1238
362	0.1849
363	0.05927
364	0.2305
365	0.08495
366	0.3326
367	0.1578
368	0.1618
369	0.2991
370	0.2803
371	0.08217
372	0.3049
373	0.007152
374	0.2985
375	0.51
376	0.1088
377	0.1811
378	0.06683
379	0.1164
380	0.01325
381	0.09579
382	0.03941
383	0.3032
384	0.5917
385	0.3611
386	0.2064
387	0.4335
388	0.209
389	0.0419
390	0.3908
391	0.6107
392	0.08687
393	0.1122
394	0.2914
395	0.2188
396	0.4778
397	0.184
398	0.04128
399	0.2658
400	0.2388
401	0.77
402	0.03398
403	0.3089
404	0.2776
405	0.1737
406	0.09549
407	0.2664
408	0.1099
409	0.08067
410	0.07281
411	0.132
412	0.4937
413	0.02189
414	0.07406
415	0.1637
416	0.07585
417	0.1682
418	0.1989
419	0.4692
420	0.1145
421	0.3028
422	0.02272
423	0.2732
424	0.09437
425	0.1009
426	0.02095
427	0.3523
428	0.4446
429	0.1724
430	0.3246
431	0.3771
432	0.1793
433	0.2346
434	0.2749
435	0.1049
436	0.1166
437	0.1465
438	0.09564
439	0.08052
440	0.4227
441	0.1981
442	0.1506
443	0.04007
444	0.158
445	0.1731
446	0.03141
447	0.3199
448	0.02829
449	0.05313
450	0.06459
451	0.4554
452	0.2182
453	0.2193
454	0.1265
455	0.03689
456	0.4985
457	0.03318
458	0.1779
459	0.1516
460	0.1047
461	0.388
462	0.1137
463	0.1324
464	0.1409
465	0.0448
466	0.4402
467	0.1623
468	0.2794
469	0.1136
470	0.2458
471	0.06855
472	0.2823
473	0.4821
474	0.1173
475	0.01069
476	0.027
477	0.2402
478	0.4744
479	0.1164
480	0.135
481	0.3522
482	0.096
483	0.5093
484	0.1734
485	0.3182
486	0.6652
487	0.2074
488	0.2
489	0.3394
490	0.2107
491	0.4344
492	0.393
493	0.1308
494	0.3311
495	0.2945
496	0.221
497	0.1199
498	0.7875
499	0.2923
500	0.5069
251	0.1168
252	0.3037
253	0.04648
254	0.4516
255	0.3771
256	0.08562
257	0.166
258	0.2704
259	0.01214
260	0.1874
261	0.387
262	0.04711
263	0.1625
264	0.2159
265	0.1376
266	0.2816
267	0.1574
268	0.257
269	0.6427
270	0.09891
271	0.2173
272	0.2195
273	0.2976
274	0.5416
275	0.1214
276	0.007092
277	0.2462
278	0.3146
279	0.6423
280	0.3723
281	0.02326
282	0.1181
283	0.4102
284	0.04045
285	0.07176
286	0.4972
287	0.2904
288	0.3728
289	0.3468
290	0.09023
291	0.1726
292	0.05722
293	0.01836
294	0.2337
295	0.3036
296	0.3749
297	0.2254
298	0.03355
299	0.2057
300	0.2976
301	0.2219
302	0.1013
303	0.7988
304	0.2025
305	0.1047
306	0.002076
307	0.1864
308	0.2121
309	0.1544
310	0.2953
311	0.4327
312	0.02367
313	0.07007
314	0.1484
315	0.4434
316	0.4413
317	0.1667
318	0.1448
319	0.7059
320	0.08448
321	0.3036
322	0.2148
323	0.4706
324	0.03591
325	0.0474
326	0.02335
327	0.02654
328	0.118
329	0.1746
330	0.03105
331	0.2261
332	0.01789
333	0.02858
334	0.2421
335	0.09426
336	0.08361
337	0.1664
338	0.001921
339	0.07653
340	0.1805
341	0.1534
342	0.0963
343	0.6317
344	0.09848
345	0.5898
346	0.2638
347	0.2779
348	0.2789
349	0.002971
350	0.622
351	0.07145
352	0.3506
353	0.03543
354	0.08178
355	0.7106
356	0.2933
357	0.1391
358	0.05744
359	0.06529
360	0.2892
361	0.3104
362	0.1361
363	0.5363
364	0.1549
365	0.286
366	0.2239
367	0.4794
368	0.08008
369	0.01386
370	0.1271
371	0.3913
372	0.1074
373	0.5103
374	0.1629
375	0.01565
376	0.1484
377	0.3064
378	0.1475
379	0.07119
380	0.425
381	0.5081
382	0.2487
383	0.06936
384	0.004995
385	0.2089
386	0.3857
387	0.06563
388	0.1253
389	0.08644
390	0.2193
391	0.1789
392	0.2013
393	0.7644
394	0.4832
395	0.3374
396	0.02087
397	0.08613
398	0.01891
399	0.3472
400	0.1056
401	0.03348
402	0.1688
403	0.006749
404	0.1762
405	0.03523
406	0.5621
407	0.399
408	0.5292
409	0.3249
410	0.2015
411	0.04151
412	0.06157
413	0.2027
414	0.03358
415	0.1982
416	0.5004
417	0.08169
418	0.1674
419	0.2568
420	0.3042
421	0.0702
422	0.4881
423	0.2087
424	0.446
425	0.1932
426	0.3614
427	0.05898
428	0.09428
429	0.1291
430	0.1324
431	0.3046
432	0.3898
433	0.102
434	0.1157
435	0.6648
436	0.4881
437	0.3727
438	0.1807
439	0.2905
440	0.3297
441	0.3576
442	0.05385
443	0.7537
444	0.02634
445	0.1844
446	0.07088
447	0.02786
448	0.1552
449	0.2048
450	0.01701
451	0.1009
452	0.2061
453	0.3077
454	0.5145
455	0.2492
456	0.05864
457	0.4875
458	0.1977
459	0.06798
460	0.2282
461	0.1538
462	0.08889
463	0.3638
464	0.1013
465	0.1113
466	0.1746
467	0.1477
468	0.06722
469	0.08139
470	0.1264
471	0.1673
472	0.3924
473	0.03978
474	0.2338
475	0.1242
476	0.4047
477	0.1633
478	0.02563
479	0.1226
480	0.3154
481	0.02428
482	0.2956
483	0.005304
484	0.4956
485	0.2968
486	0.02578
487	0.211
488	0.1672
489	0.07766
490	0.1476
491	0.09828
492	0.1905
493	0.3757
494	0.03743
495	0.1067
496	0.389
497	0.07993
498	0.02038
499	0.1128
500	0.2286
251	0.7369
252	0.3675
253	0.1863
254	0.05297
255	0.4152
256	0.2868
257	0.1935
258	0.2899
259	0.03521
260	0.6302
261	0.1486
262	0.2457
263	0.2467
264	0.3243
265	0.2853
266	0.3085
267	0.2824
268	0.5144
269	0.1022
270	0.2574
271	0.04007
272	0.3772
273	0.3732
274	0.01768
275	0.274
276	0.0724
277	0.1437
278	0.02907
279	0.1288
280	0.1843
281	0.136
282	0.05347
283	0.2915
284	0.07838
285	0.1588
286	0.5176
287	0.3562
288	0.2338
289	0.3926
290	0.2985
291	0.1702
292	0.02296
293	0.1436
294	0.2667
295	0.05956
296	0.004717
297	0.1654
298	0.08725
299	0.3846
300	0.5078
301	0.2518
302	0.4337
303	0.378
304	0.2593
305	0.178
306	0.2256
307	0.5063
308	0.2577
309	0.1337
310	0.133
311	0.1119
312	0.427
313	0.6524
314	0.4363
315	0.02888
316	0.1426
317	0.7195
318	0.3655
319	0.07756
320	0.1557
321	0.3351
322	0.6441
323	0.1228
324	0.2445
325	0.1013
326	0.01517
327	0.01431
328	0.02833
329	0.1397
330	0.1171
331	0.298
332	0.1118
333	0.3477
334	0.4041
335	0.149
336	0.3065
337	0.1791
338	0.3758
339	0.2442
340	0.03462
341	0.3735
342	0.1689
343	0.5875
344	0.2954
345	0.1166
346	0.6418
347	0.2039
348	0.2648
349	0.2448
350	0.4555
351	0.5698
352	0.4692
353	0.1916
354	0.1915
355	0.01888
356	0.6836
357	0.4426
358	0.005883
359	0.02623
360	0.1356
361	0.09348
362	0.7228
363	0.4501
364	0.2671
365	0.4019
366	0.109
367	0.09199
368	0.3822
369	0.1466
370	0.05108
371	0.119
372	0.1766
373	0.3218
374	0.2867
375	0.07649
376	0.01697
377	0.1872
378	0.3964
379	0.4852
380	0.3867
381	0.5521
382	0.374
383	0.2748
384	0.44
385	0.1255
386	0.2582
387	0.2971
388	0.2906
389	0.2768
390	7.332E-4
391	0.0181
392	0.4451
393	0.2976
394	0.1451
395	0.5432
396	0.8527
397	0.2004
398	0.1835
399	0.1634
400	0.09088
401	0.1232
402	0.3756
403	0.1833
404	0.6029
405	0.1453
406	0.5258
407	0.179
408	0.0151
409	0.2629
410	0.08947
411	0.4208
412	0.3668
413	0.1685
414	0.5117
415	0.4472
416	0.02198
417	0.199
418	0.1433
419	0.466
420	0.1099
421	0.2743
422	0.2051
423	0.1139
424	0.135
425	0.007882
426	0.6406
427	0.1951
428	0.2126
429	0.2506
430	0.1401
431	0.05805
432	0.1174
433	0.2485
434	0.2797
435	0.07345
436	0.7092
437	0.6524
438	0.7936
439	0.1099
440	5.808E-5
441	0.245
442	0.5537
443	0.1555
444	0.1062
445	0.7172
446	0.2702
447	0.03759
448	0.01384
449	0.3137
450	0.1177
451	0.4718
452	0.2196
453	0.1787
454	0.288
455	0.2054
456	0.4701
457	0.03056
458	0.435
459	0.1052
460	0.08299
461	0.6692
462	0.3294
463	0.4881
464	0.2402
465	0.09698
466	0.3063
467	0.2019
468	0.1091
469	0.3653
470	0.1999
471	0.428
472	0.1592
473	0.6032
474	0.1433
475	0.08844
476	0.4266
477	0.511
478	0.08675
479	0.1779
480	0.2178
481	0.1794
482	0.2681
483	0.06276
484	0.1831
485	0.2281
486	0.4613
487	0.1174
488	0.05533
489	0.3492
490	0.06353
491	0.494
492	0.3817
493	0.2613
494	0.3493
495	0.441
496	0.6907
497	0.145
498	0.137
499	0.02867
500	0.1111
251	0.07673
252	0.07356
253	0.5727
254	0.271
255	0.00131
256	0.2707
257	0.6171
258	0.0125
259	0.2723
260	0.1985
261	0.2055
262	0.2851
263	0.06959
264	0.122
265	0.05749
266	0.4561
267	0.1531
268	0.1384
269	0.08714
270	0.03052
271	0.1078
272	0.2364
273	0.3656
274	0.5183
275	0.1101
276	0.2125
277	0.4402
278	0.3805
279	0.1214
280	0.2697
281	0.3934
282	0.4123
283	0.1664
284	0.3135
285	0.406
286	0.01096
287	0.225
288	0.4105
289	0.07835
290	0.3004
291	0.4529
292	0.02511
293	0.2298
294	0.291
295	0.03821
296	0.4798
297	0.5143
298	0.5602
299	0.2386
300	0.2668
301	0.6111
302	0.1548
303	0.208
304	0.06691
305	0.02884
306	0.1365
307	0.2172
308	0.213
309	0.1969
310	0.1299
311	0.455
312	0.06022
313	0.2418
314	0.4629
315	0.1567
316	0.09576
317	0.07718
318	0.1802
319	0.3917
320	0.4412
321	0.003037
322	0.04716
323	0.2238
324	0.3962
325	0.01476
326	0.2763
327	0.5123
328	0.2103
329	0.01616
330	0.02319
331	0.5582
332	0.5372
333	0.3609
334	0.2203
335	0.01081
336	0.1549
337	0.6822
338	0.1098
339	0.2832
340	0.2606
341	0.4302
342	0.2592
343	0.1322
344	0.1648
345	0.123
346	0.1676
347	0.4727
348	0.1417
349	0.3462
350	0.1047
351	0.1084
352	0.1456
353	0.3468
354	0.4106
355	0.7038
356	0.2281
357	0.1021
358	0.2031
359	0.4866
360	0.5946
361	0.4536
362	0.2502
363	0.1944
364	0.4362
365	0.2298
366	0.3057
367	0.5207
368	0.006738
369	0.01386
370	0.0526
371	0.05065
372	0.2412
373	0.09099
374	0.01077
375	0.311
376	0.008362
377	0.4263
378	0.4909
379	0.2401
380	0.2277
381	0.06749
382	0.2201
383	0.2111
384	0.0748
385	0.07476
386	0.00914
387	0.3422
388	0.5326
389	0.1944
390	0.2524
391	0.2265
392	0.01535
393	0.1856
394	0.4538
395	0.4024
396	0.004252
397	0.5482
398	0.228
399	0.416
400	0.1346
401	0.04401
402	0.2036
403	0.1429
404	0.2457
405	0.3026
406	0.1603
407	0.1328
408	0.7539
409	0.1982
410	0.2451
411	0.1567
412	0.1846
413	0.24
414	0.04748
415	0.2687
416	0.4068
417	0.274
418	0.1978
419	0.09601
420	0.4637
421	0.05243
422	0.4145
423	0.01727
424	0.1631
425	0.4312
426	0.2121
427	0.2285
428	0.2721
429	0.01421
430	0.3687
431	0.07136
432	0.07172
433	0.3375
434	0.4087
435	0.1333
436	0.2438
437	0.1359
438	0.1026
439	0.1047
440	0.1608
441	0.1542
442	0.2758
443	0.4038
444	0.1549
445	0.0781
446	0.1403
447	0.6167
448	0.1972
449	0.3107
450	0.4865
451	0.01274
452	0.06852
453	0.08343
454	0.09056
455	0.4166
456	0.0609
457	0.07542
458	0.00776
459	0.2007
460	0.09797
461	0.2462
462	0.006238
463	0.2198
464	0.08202
465	0.6111
466	0.06523
467	0.1116
468	0.6262
469	0.2291
470	0.09379
471	0.3594
472	0.08673
473	0.03345
474	0.2052
475	0.1456
476	0.3677
477	0.2505
478	0.09481
479	0.5048
480	0.3322
481	0.1873
482	0.2489
483	0.7145
484	0.1679
485	0.01373
486	0.1789
487	0.2202
488	0.5525
489	0.282
490	0.2811
491	0.3434
492	0.2567
493	0.3378
494	0.1708
495	0.02516
496	0.03566
497	0.3094
498	0.1317
499	0.2653
500	0.07906
251	0.1669
252	0.2018
253	0.1805
254	0.1029
255	0.3247
256	0.09369
257	0.01868
258	0.4003
259	0.4301
260	0.01133
261	0.05864
262	0.3208
263	0.1022
264	0.5296
265	0.16
266	0.1742
267	0.1255
268	0.07882
269	0.5572
270	0.3232
271	0.09298
272	0.3088
273	0.2449
274	0.3572
275	0.3914
276	0.5254
277	0.09441
278	0.4745
279	0.5372
280	0.176
281	0.334
282	0.1743
283	0.2453
284	0.2132
285	0.2431
286	0.4304
287	0.2899
288	0.24
289	0.4498
290	0.2348
291	0.3312
292	0.7028
293	0.2102
294	0.4095
295	0.6929
296	0.2067
297	0.08836
298	0.1238
299	0.1168
300	0.1577
301	0.09044
302	0.3293
303	0.07182
304	0.52
305	0.3189
306	0.1175
307	0.0242
308	0.1587
309	0.2012
310	0.1709
311	0.2487
312	0.1818
313	0.004042
314	0.09426
315	0.428
316	0.1965
317	0.04008
318	0.0665
319	0.264
320	0.2564
321	0.3288
322	0.2628
323	0.4802
324	0.04002
325	0.4469
326	0.2112
327	0.3481
328	0.7187
329	0.5806
330	0.8471
331	0.139
332	0.05387
333	0.1887
334	0.1562
335	0.6705
336	0.3004
337	0.1228
338	0.1401
339	0.2651
340	0.2621
341	0.1366
342	0.4425
343	0.2191
344	0.4813
345	0.1049
346	0.1893
347	0.2962
348	0.08378
349	0.2557
350	0.1178
351	0.2055
352	0.274
353	0.1324
354	0.3069
355	0.1063
356	0.06169
357	0.2551
358	0.6059
359	0.238
360	0.2223
361	0.2258
362	0.001095
363	0.1609
364	0.1516
365	0.2623
366	0.1457
367	0.1819
368	0.1205
369	0.1903
370	0.738
371	0.6417
372	0.1915
373	0.1241
374	0.3681
375	0.1715
376	0.1342
377	0.09216
378	0.05509
379	0.03055
380	0.04598
381	0.1414
382	0.3254
383	0.446
384	0.07025
385	0.1407
386	0.232
387	0.1096
388	0.1515
389	0.0606
390	0.4968
391	0.2499
392	0.2644
393	0.2286
394	0.1255
395	0.01406
396	0.08443
397	0.1731
398	0.01574
399	0.1997
400	0.4413
401	0.1165
402	0.1924
403	0.2937
404	0.09356
405	0.3265
406	0.3012
407	0.08704
408	0.1285
409	0.1691
410	0.3623
411	0.1821
412	0.4479
413	0.3962
414	0.3065
415	0.0173
416	0.226
417	0.5165
418	0.3124
419	0.2999
420	0.3325
421	0.3578
422	0.1546
423	0.282
424	0.2655
425	0.487
426	0.04454
427	0.5344
428	0.08085
429	0.1518
430	0.03323
431	0.5572
432	0.7529
433	0.2536
434	0.1678
435	0.1597
436	0.04473
437	0.05586
438	0.09142
439	0.4978
440	0.494
441	0.07788
442	0.1503
443	0.2704
444	0.03665
445	0.04719
446	0.1872
447	0.0176
448	0.1764
449	0.1869
450	0.3252
451	0.2062
452	0.5941
453	0.4776
454	0.5442
455	0.3336
456	0.3495
457	0.3926
458	0.05552
459	0.0822
460	0.6024
461	0.06158
462	0.07754
463	0.1513
464	0.4167
465	0.1369
466	0.3672
467	0.2796
468	0.1087
469	0.02488
470	0.5418
471	0.1693
472	0.4035
473	0.2667
474	0.5161
475	0.2647
476	0.1395
477	0.1362
478	0.801
479	0.1326
480	0.2215
481	0.1805
482	0.328
483	0.006737
484	0.4582
485	0.6395
486	0.1371
487	0.3469
488	0.3461
489	0.2173
490	0.282
491	0.1262
492	0.2007
493	0.3027
494	0.3339
495	0.2248
496	0.09414
497	0.3044
498	0.431
499	0.6007
500	0.3323
251	0.01948
252	0.3571
253	0.06055
254	0.5731
255	0.2588
256	0.3489
257	0.1707
258	0.2973
259	0.2624
260	0.16
261	0.5873
262	0.1483
263	0.5815
264	0.02406
265	0.4972
266	0.06118
267	0.4391
268	0.2683
269	0.2535
270	0.3889
271	0.7591
272	0.07757
273	0.01625
274	0.1068
275	0.2245
276	0.1897
277	0.3217
278	0.1159
279	0.2126
280	0.37
281	0.1366
282	0.3599
283	0.2968
284	0.3949
285	0.1921
286	0.04108
287	0.1289
288	0.1156
289	0.07924
290	0.1664
291	0.04572
292	0.2491
293	0.4164
294	0.03276
295	0.2094
296	0.3088
297	0.2319
298	0.2288
299	0.2599
300	0.06775
301	0.04662
302	0.08228
303	0.3422
304	0.1538
305	0.4743
306	0.5204
307	0.2523
308	0.3706
309	0.4681
310	0.5662
311	0.1844
312	0.3309
313	0.1018
314	0.006598
315	0.3865
316	0.5651
317	0.1633
318	0.3878
319	0.2667
320	0.1467
321	0.3331
322	0.04596
323	0.1733
324	0.3193
325	0.437
326	0.4973
327	0.1254
328	0.04265
329	0.2635
330	0.01262
331	0.004847
332	0.2971
333	0.1026
334	0.2194
335	0.1697
336	0.2382
337	0.01588
338	0.3742
339	0.2075
340	0.4426
341	0.05976
342	0.1294
343	0.06122
344	0.05854
345	0.6555
346	0.001294
347	0.02724
348	0.5096
349	0.1533
350	0.322
351	0.1162
352	0.1112
353	0.3291
354	0.09101
355	0.171
356	0.02661
357	0.2002
358	0.1851
359	0.2492
360	0.04746
361	0.227
362	0.02591
363	0.1946
364	0.1451
365	0.106
366	0.4396
367	0.2054
368	0.4906
369	0.6492
370	0.1583
371	0.1887
372	0.3907
373	0.4631
374	0.3345
375	0.4409
376	0.8404
377	0.2943
378	0.05762
379	0.2441
380	0.3396
381	0.239
382	0.08052
383	0.06809
384	0.4149
385	0.6591
386	0.5007
387	0.251
388	0.02529
389	0.4682
390	0.2501
391	0.5055
392	0.2751
393	0.2882
394	0.2756
395	0.04032
396	0.05857
397	0.07835
398	0.5728
399	0.2209
400	0.3332
401	0.7163
402	0.2284
403	0.38
404	0.05785
405	0.2255
406	0.01268
407	0.6012
408	0.1025
409	0.3698
410	0.3031
411	0.2403
412	6.191E-4
413	0.1952
414	0.1343
415	0.2668
416	0.3452
417	0.01045
418	0.3464
419	0.138
420	0.09397
421	0.3155
422	0.2258
423	0.5868
424	0.4364
425	0.07392
426	0.1028
427	0.04201
428	0.4344
429	0.5834
430	0.458
431	0.3134
432	0.05801
433	0.1604
434	0.1437
435	0.6336
436	0.002241
437	0.1558
438	0.01234
439	0.2875
440	0.3452
441	0.5229
442	0.02018
443	0.1704
444	0.7023
445	0.1576
446	0.4023
447	0.3281
448	0.6125
449	0.1887
450	0.07057
451	0.3093
452	0.1178
453	0.2603
454	0.07723
455	0.0444
456	0.1196
457	0.5014
458	0.5017
459	0.6119
460	0.2167
461	0.02305
462	0.5869
463	0.1407
464	0.2611
465	0.155
466	0.2612
467	0.4069
468	0.156
469	0.3808
470	0.1645
471	0.04329
472	0.3505
473	0.0966
474	0.1354
475	0.5013
476	0.06616
477	0.1023
478	0.01742
479	0.1847
480	0.2285
481	0.4527
482	0.1551
483	0.216
484	0.1908
485	0.1187
486	0.2227
487	0.3155
488	0.04613
489	0.1514
490	0.3733
491	0.03632
492	0.161
493	0.09827
494	0.146
495	0.3091
496	0.1795
497	0.2413
498	0.3003
499	0.1053
500	0.4775
251	0.08223
252	0.01227
253	0.02924
254	0.02558
255	0.3307
256	0.07996
257	0.1073
258	0.01147
259	0.01199
260	0.203
261	0.1632
262	0.1478
263	0.3028
264	0.003562
265	0.06712
266	0.2958
267	0.0101
268	0.0555
269	0.003732
270	0.1384
271	0.1807
272	0.04819
273	0.4323
274	0.06792
275	0.04197
276	0.04015
277	0.1777
278	0.266
279	0.02267
280	0.3293
281	0.1335
282	0.04901
283	0.1147
284	0.005772
285	0.3333
286	0.1464
287	0.04594
288	0.2237
289	0.07086
290	0.1168
291	0.06252
292	0.1117
293	0.3401
294	0.005294
295	0.143
296	0.01984
297	0.2401
298	0.3405
299	0.107
300	0.1453
301	0.1928
302	0.4162
303	0.1394
304	0.3107
305	0.1793
306	0.02854
307	0.1259
308	0.1576
309	0.3178
310	0.02491
311	0.1823
312	0.02172
313	0.2953
314	0.04177
315	0.489
316	0.02393
317	0.01833
318	0.0734
319	0.001479
320	0.1087
321	0.2275
322	0.247
323	0.2009
324	0.2324
325	0.3315
326	0.1411
327	0.01769
328	0.007893
329	0.1899
330	0.03239
331	0.0228
332	0.08816
333	0.324
334	0.08912
335	0.2347
336	0.01637
337	0.02949
338	0.09655
339	0.03572
340	0.03718
341	0.4014
342	0.09465
343	0.03414
344	0.1772
345	0.1379
346	0.05622
347	0.1661
348	0.2424
349	0.007653
350	0.1204
351	0.3871
352	0.01501
353	0.1135
354	0.01258
355	0.3613
356	0.3585
357	0.3462
358	0.0758
359	0.1066
360	0.01881
361	0.1149
362	0.1077
363	0.183
364	0.03509
365	0.2221
366	0.06071
367	0.03743
368	0.1989
369	0.04495
370	0.01948
371	0.2626
372	0.05442
373	0.1455
374	0.01904
375	0.02038
376	0.09412
377	0.3463
378	0.1149
379	0.2462
380	0.07643
381	0.1736
382	0.3961
383	0.03794
384	0.1385
385	0.1784
386	0.3273
387	0.2834
388	0.03297
389	0.238
390	0.236
391	0.03292
392	0.1167
393	0.05097
394	0.01016
395	0.4494
396	0.007943
397	0.179
398	0.02582
399	0.2596
400	0.3493
401	0.02456
402	0.3388
403	0.01589
404	0.3419
405	0.03085
406	0.1265
407	0.05431
408	0.03995
409	0.6167
410	0.5905
411	0.0271
412	0.1375
413	0.1266
414	0.4393
415	0.3267
416	0.00331
417	0.08706
418	0.1481
419	0.1456
420	0.002702
421	0.3985
422	0.2917
423	0.3046
424	0.19
425	0.09025
426	0.07081
427	0.0441
428	0.01377
429	0.07569
430	0.07906
431	0.1038
432	0.3112
433	0.2655
434	0.009902
435	0.166
436	0.5315
437	0.09545
438	0.095
439	0.05857
440	0.1293
441	0.2934
442	0.001416
443	0.1876
444	0.1065
445	0.4542
446	0.02864
447	0.0886
448	0.1237
449	0.384
450	0.2359
451	0.3154
452	0.2904
453	0.03915
454	0.4864
455	0.1383
456	0.2331
457	0.03764
458	0.4102
459	0.4094
460	0.208
461	0.1011
462	0.1047
463	0.2854
464	0.3344
465	0.474
466	0.02253
467	0.04067
468	0.01515
469	0.02655
470	0.02122
471	0.07822
472	0.06959
473	0.1269
474	0.07853
475	0.0827
476	0.4285
477	0.1014
478	0.01785
479	0.1185
480	0.01658
481	0.07027
482	0.04005
483	0.2066
484	0.1583
485	0.08656
486	0.2502
487	0.3288
488	0.2195
489	0.2535
490	0.1044
491	0.1647
492	0.2893
493	0.201
494	0.04209
495	0.2657
496	0.1889
497	0.01212
498	0.4195
499	0.06008
500	0.005792
251	0.1546
252	0.4026
253	0.6425
254	0.6573
255	0.06799
256	0.4603
257	0.6221
258	0.2282
259	0.5505
260	0.4489
261	0.1998
262	0.5545
263	0.5355
264	0.5685
265	0.5347
266	0.3433
267	0.2732
268	0.633
269	0.7324
270	0.2526
271	0.5461
272	0.4542
273	0.06819
274	0.4919
275	0.4261
276	0.6085
277	0.4758
278	0.1824
279	0.2448
280	0.2421
281	0.3367
282	0.2831
283	0.2633
284	0.5702
285	0.0253
286	0.2308
287	0.7177
288	0.1648
289	0.2365
290	0.3936
291	0.3534
292	0.2568
293	0.2959
294	0.662
295	0.3788
296	0.1334
297	0.2051
298	0.1582
299	0.4807
300	0.7073
301	0.3549
302	0.3713
303	0.4412
304	0.06297
305	0.09184
306	0.6774
307	0.3893
308	0.4636
309	0.1759
310	0.1726
311	0.2389
312	0.4828
313	0.263
314	0.6777
315	0.2726
316	0.06846
317	0.6637
318	0.3424
319	0.7628
320	0.1688
321	8.293E-4
322	0.4447
323	0.2238
324	0.02815
325	0.3528
326	0.1035
327	0.5165
328	0.6252
329	0.2106
330	0.3405
331	0.1277
332	0.2944
333	0.1421
334	0.5979
335	0.3945
336	0.0899
337	0.09242
338	0.6056
339	0.7761
340	0.2151
341	0.2326
342	0.04143
343	0.3886
344	0.04333
345	0.4668
346	0.3455
347	0.1335
348	0.3889
349	0.1752
350	0.3965
351	0.1596
352	0.3788
353	0.158
354	0.3466
355	0.4518
356	0.2245
357	0.1458
358	0.2325
359	0.2476
360	0.3059
361	0.1328
362	0.6439
363	0.4918
364	0.3578
365	0.1385
366	0.4356
367	0.1785
368	0.00602
369	0.1656
370	0.07976
371	0.3414
372	0.8389
373	0.07729
374	0.5007
375	0.3388
376	0.06241
377	0.3752
378	0.0293
379	0.1478
380	0.5182
381	0.03422
382	0.09884
383	0.3946
384	0.7307
385	0.1298
386	0.3298
387	0.1781
388	0.7272
389	0.07
390	0.2243
391	0.3213
392	0.4731
393	0.2952
394	0.07492
395	0.3117
396	0.578
397	0.6322
398	0.2324
399	0.4173
400	0.294
401	0.3079
402	0.2973
403	0.2123
404	0.2521
405	0.4024
406	0.3821
407	0.5808
408	0.4555
409	0.09821
410	0.2365
411	0.2326
412	0.1671
413	0.2833
414	0.1371
415	0.1784
416	0.3098
417	0.1323
418	0.2743
419	0.198
420	0.8345
421	0.4027
422	0.5036
423	0.08156
424	0.323
425	0.3324
426	0.4073
427	0.09473
428	0.1777
429	0.2152
430	0.324
431	0.09167
432	0.3466
433	0.6705
434	0.6977
435	0.2642
436	0.1992
437	0.1477
438	0.3448
439	0.6069
440	0.2621
441	0.1681
442	0.333
443	0.3071
444	0.1956
445	0.1153
446	0.4557
447	0.05769
448	0.2885
449	0.1349
450	0.3956
451	0.2527
452	0.06929
453	0.4823
454	0.4621
455	0.4238
456	0.001498
457	0.2385
458	0.09545
459	0.187
460	0.2172
461	0.2326
462	0.09268
463	0.3208
464	0.2886
465	0.2412
466	0.02398
467	0.07817
468	0.2367
469	0.4316
470	0.8953
471	0.09825
472	0.4012
473	0.2357
474	0.644
475	0.1878
476	0.09705
477	0.1857
478	0.1147
479	0.4726
480	0.2269
481	0.04221
482	0.3525
483	0.4561
484	0.01543
485	0.4649
486	0.4656
487	0.3433
488	0.4117
489	0.2469
490	0.4933
491	0.3107
492	0.03726
493	0.504
494	0.641
495	0.2275
496	0.04566
497	0.2966
498	0.2054
499	0.5111
500	0.2588
251	0.7344
252	0.2864
253	0.2075
254	0.09159
255	0.5646
256	0.09565
257	0.1558
258	0.7356
259	0.4076
260	0.09761
261	0.614
262	0.1303
263	0.1286
264	0.3409
265	0.1084
266	0.3054
267	0.5685
268	0.2365
269	0.09985
270	0.3488
271	0.1931
272	0.2912
273	0.2898
274	0.1197
275	0.3949
276	0.3287
277	0.2181
278	0.05584
279	0.6774
280	0.2767
281	0.4253
282	0.5794
283	0.0479
284	0.3072
285	0.4503
286	0.5772
287	0.1608
288	0.1203
289	0.682
290	0.3754
291	0.1489
292	0.229
293	0.05098
294	0.2282
295	0.3971
296	0.3869
297	0.1143
298	0.2349
299	0.09122
300	0.07375
301	0.3494
302	0.003168
303	0.1162
304	0.5678
305	0.4471
306	0.2504
307	0.08107
308	0.1039
309	0.4123
310	0.5433
311	0.2939
312	0.2763
313	0.1415
314	0.1259
315	0.1395
316	0.2448
317	0.2194
318	0.3751
319	0.1142
320	0.1173
321	0.2262
322	0.03339
323	0.5627
324	0.2769
325	0.07542
326	0.7079
327	0.3994
328	0.1234
329	0.5543
330	0.3966
331	0.572
332	0.1237
333	0.4338
334	0.2508
335	0.2229
336	0.8392
337	0.2892
338	0.2106
339	0.1874
340	0.2517
341	0.1511
342	0.1989
343	0.4261
344	0.4545
345	0.2882
346	0.102
347	0.6957
348	0.3411
349	0.4225
350	0.3318
351	0.2966
352	0.5733
353	0.4823
354	0.342
355	0.1689
356	0.0533
357	0.416
358	0.3145
359	0.253
360	0.2654
361	0.5889
362	0.1793
363	0.1349
364	0.4544
365	0.367
366	0.3461
367	0.1559
368	0.638
369	0.7878
370	0.6118
371	0.2489
372	0.01397
373	0.7169
374	0.2089
375	0.2018
376	0.5595
377	0.1639
378	0.07123
379	0.1915
380	0.3203
381	0.7758
382	0.4532
383	0.2366
384	0.06339
385	0.02029
386	0.276
387	0.3828
388	0.1319
389	0.2458
390	0.2243
391	0.5843
392	0.276
393	0.3414
394	0.4896
395	0.2091
396	0.3654
397	0.1146
398	0.1477
399	0.2873
400	0.3294
401	0.6529
402	0.1808
403	0.732
404	0.3431
405	0.1382
406	0.3939
407	0.06127
408	0.293
409	0.1797
410	0.1067
411	0.6618
412	0.6286
413	0.3269
414	0.1905
415	0.4364
416	0.4478
417	0.2157
418	0.204
419	0.1786
420	0.09883
421	0.09056
422	0.05854
423	0.2662
424	0.357
425	0.1559
426	0.493
427	0.6251
428	0.7312
429	0.7086
430	0.39
431	0.1194
432	0.3035
433	0.04289
434	0.1775
435	0.4318
436	0.09392
437	0.6795
438	0.4815
439	0.2374
440	0.608
441	0.3992
442	0.2503
443	0.3651
444	0.277
445	0.1936
446	0.2844
447	0.7005
448	0.5864
449	0.4686
450	6.634E-4
451	0.09672
452	0.5527
453	0.3654
454	0.02732
455	0.1159
456	0.3252
457	0.6041
458	0.3277
459	0.3569
460	0.2534
461	0.6549
462	0.139
463	0.3753
464	0.2627
465	0.2724
466	0.4441
467	0.1113
468	0.6062
469	0.2915
470	0.0528
471	0.4944
472	0.4052
473	0.4806
474	0.02759
475	0.3595
476	0.4216
477	0.2746
478	0.7672
479	0.223
480	0.219
481	0.737
482	0.4234
483	0.01355
484	0.5166
485	0.2203
486	0.1444
487	0.06477
488	0.2506
489	0.4831
490	0.3018
491	0.3013
492	0.3756
493	0.01251
494	0.284
495	0.4412
496	0.08317
497	0.3235
498	0.3511
499	0.4181
500	0.6911
251	0.02871
252	0.2987
253	0.1207
254	0.2255
255	0.03671
256	0.3641
257	0.1149
258	0.02476
259	0.02997
260	0.2505
261	0.02299
262	0.1674
263	0.03302
264	0.08697
265	0.2898
266	0.05552
267	0.1481
268	0.07498
269	0.1641
270	0.2602
271	0.0801
272	0.2065
273	0.2097
274	0.3205
275	0.137
276	0.02268
277	0.1284
278	0.4958
279	0.05513
280	0.1518
281	0.1045
282	0.08851
283	0.5741
284	0.1168
285	0.1912
286	0.0456
287	0.07562
288	0.4912
289	0.01059
290	0.1141
291	0.4352
292	0.4025
293	0.3131
294	0.1045
295	0.08116
296	0.4598
297	0.4405
298	0.2663
299	0.321
300	0.07358
301	0.1029
302	0.2093
303	0.3032
304	0.05855
305	0.2818
306	0.04359
307	0.4037
308	0.2749
309	0.09396
310	0.2592
311	0.2848
312	0.2192
313	0.3003
314	0.1546
315	0.09883
316	0.6628
317	0.09858
318	0.2092
319	0.1215
320	0.6052
321	0.5455
322	0.2749
323	0.01254
324	0.4626
325	0.2403
326	0.04747
327	0.06634
328	0.2435
329	0.04515
330	0.2305
331	0.2775
332	0.4938
333	0.1001
334	0.06222
335	0.1478
336	0.05453
337	0.5889
338	0.0872
339	8.108E-4
340	0.496
341	0.2149
342	0.665
343	0.1512
344	0.3249
345	0.1071
346	0.4963
347	0.00464
348	0.02761
349	0.3947
350	0.1513
351	0.1566
352	0.03294
353	0.2462
354	0.2988
355	0.01801
356	0.3637
357	0.09198
358	0.3772
359	0.3928
360	0.4099
361	0.1635
362	0.06907
363	0.1902
364	0.1527
365	0.2724
366	0.1576
367	0.6281
368	0.157
369	0.001629
370	0.2889
371	0.1471
372	0.09267
373	0.06035
374	0.2714
375	0.4391
376	0.2839
377	0.1147
378	0.7845
379	0.4145
380	0.0851
381	0.01642
382	0.05189
383	0.331
384	0.06739
385	0.6715
386	0.06692
387	0.1557
388	0.1079
389	0.4461
390	0.3155
391	0.06145
392	0.1342
393	0.3124
394	0.4253
395	0.02975
396	0.04866
397	0.07416
398	0.5941
399	0.03578
400	0.02727
401	0.0147
402	0.1831
403	0.03978
404	0.0628
405	0.4286
406	0.09738
407	0.3036
408	0.2116
409	0.1054
410	0.06627
411	0.07853
412	0.06684
413	0.2632
414	0.2331
415	0.05849
416	0.2391
417	0.5649
418	0.3737
419	0.4779
420	0.064
421	0.1083
422	0.1462
423	0.3476
424	0.1301
425	0.4215
426	0.02892
427	0.2361
428	0.07728
429	5.192E-4
430	0.207
431	0.6851
432	0.03865
433	0.02114
434	0.1148
435	0.138
436	0.1755
437	0.0774
438	0.07872
439	0.09705
440	5.591E-4
441	0.1392
442	0.4152
443	0.1402
444	0.4209
445	0.2369
446	0.2313
447	0.1532
448	0.001433
449	0.01256
450	0.3678
451	0.3352
452	0.0876
453	0.1131
454	0.0242
455	0.3219
456	0.4402
457	0.1197
458	0.1666
459	0.04675
460	0.3214
461	0.01147
462	0.6636
463	0.01842
464	0.1144
465	0.01232
466	0.5094
467	0.7699
468	0.1419
469	0.2504
470	0.03073
471	0.3292
472	0.124
473	0.1569
474	0.2499
475	0.37
476	0.05288
477	0.4382
478	0.1003
479	0.1858
480	0.5375
481	0.1505
482	0.184
483	0.3238
484	0.3097
485	0.2283
486	0.1398
487	0.2632
488	0.1182
489	0.01651
490	0.1005
491	0.2233
492	0.2978
493	0.2825
494	0.03293
495	0.06568
496	0.6823
497	0.3678
498	0.02402
499	0.01065
500	0.04428
251	0.4662
252	0.1275
253	0.08582
254	0.1484
255	0.5447
256	0.17
257	0.2459
258	0.4887
259	0.4037
260	0.004372
261	0.1144
262	0.2646
263	0.5922
264	0.1465
265	0.09291
266	0.1517
267	0.1902
268	0.1969
269	0.2756
270	0.2462
271	0.3023
272	0.488
273	0.3546
274	0.0983
275	0.101
276	0.1156
277	0.02957
278	0.4949
279	0.5585
280	0.01641
281	0.5529
282	0.1287
283	0.8004
284	0.1425
285	0.0639
286	0.04882
287	0.2712
288	0.1113
289	0.4208
290	0.5511
291	0.4289
292	0.5542
293	0.4249
294	0.1665
295	0.09926
296	0.7229
297	0.1771
298	0.3767
299	0.809
300	0.2954
301	0.3192
302	0.5117
303	0.4219
304	0.5567
305	0.3127
306	0.3698
307	0.33
308	0.2609
309	0.2406
310	0.337
311	0.2848
312	0.01995
313	0.2805
314	0.1922
315	0.5739
316	0.389
317	0.5106
318	0.2082
319	0.05574
320	0.03448
321	0.1523
322	0.3149
323	0.4283
324	0.5787
325	0.8467
326	0.06685
327	0.442
328	0.6094
329	0.1414
330	0.02013
331	0.3821
332	0.3089
333	0.4738
334	0.2253
335	0.3201
336	0.09382
337	0.05968
338	0.2442
339	0.5439
340	0.2828
341	0.5412
342	0.03233
343	0.04096
344	0.0786
345	0.5152
346	0.3489
347	0.1734
348	0.9046
349	0.3844
350	0.411
351	0.3962
352	0.2962
353	0.6425
354	0.3945
355	0.3753
356	0.002595
357	0.1157
358	0.1547
359	0.07063
360	0.14
361	0.02644
362	0.3187
363	0.01746
364	0.2974
365	0.7956
366	0.1753
367	0.06776
368	0.2053
369	0.2136
370	0.4189
371	0.5376
372	0.2348
373	0.6082
374	0.02644
375	0.0481
376	0.1205
377	0.3958
378	0.3172
379	0.05168
380	0.2206
381	0.464
382	0.6544
383	0.3361
384	0.08803
385	0.09723
386	0.3481
387	0.2064
388	0.5176
389	0.7196
390	0.1599
391	0.04377
392	0.1131
393	0.007737
394	0.378
395	0.3152
396	0.2421
397	0.09483
398	0.5947
399	0.3954
400	0.6227
401	0.784
402	0.06218
403	0.2069
404	0.1252
405	0.8482
406	0.4827
407	0.06722
408	0.1043
409	0.2073
410	0.532
411	0.5793
412	0.3099
413	0.1126
414	0.006545
415	0.1955
416	0.2135
417	0.5703
418	0.2285
419	0.3074
420	0.05444
421	0.01094
422	0.08179
423	0.03336
424	0.541
425	0.4142
426	0.0632
427	0.6145
428	0.4281
429	0.1207
430	0.05897
431	0.04219
432	0.3479
433	0.5289
434	0.1258
435	0.0965
436	0.1512
437	0.3391
438	0.01608
439	0.4599
440	0.04149
441	0.1004
442	0.3304
443	0.3238
444	0.538
445	0.6548
446	0.3188
447	0.307
448	0.372
449	0.2504
450	0.7241
451	0.1709
452	0.165
453	0.3484
454	0.2198
455	0.5723
456	0.4419
457	0.4646
458	0.349
459	0.04836
460	0.04763
461	0.09604
462	0.5875
463	0.6219
464	0.1759
465	0.1717
466	0.3438
467	0.229
468	0.09183
469	0.2399
470	0.1279
471	0.2256
472	0.04922
473	0.3066
474	0.2382
475	0.7088
476	0.5908
477	0.5354
478	0.08741
479	0.5204
480	0.5375
481	0.1518
482	0.2027
483	0.414
484	0.1441
485	0.1598
486	0.09676
487	0.4315
488	0.2199
489	0.2537
490	0.2697
491	0.126
492	0.2852
493	0.1477
494	0.4941
495	0.2075
496	0.6179
497	0.001405
498	0.1167
499	0.5283
500	0.1223
251	0.1423
252	0.07016
253	0.4913
254	0.1479
255	0.049
256	0.04766
257	0.7157
258	0.2333
259	0.1736
260	0.2578
261	0.2719
262	0.2849
263	0.2307
264	0.2156
265	0.3368
266	0.5016
267	0.0755
268	0.2703
269	0.0573
270	0.108
271	0.4385
272	0.09832
273	0.01155
274	0.7283
275	0.373
276	0.4853
277	0.1664
278	0.02147
279	0.2392
280	0.05603
281	0.04338
282	0.596
283	0.1267
284	0.01984
285	0.2723
286	0.458
287	0.315
288	0.4693
289	0.04391
290	0.04359
291	0.1963
292	0.2733
293	0.1405
294	0.4683
295	0.1959
296	0.02716
297	0.07081
298	0.3135
299	0.09166
300	0.08668
301	0.2726
302	0.1634
303	0.1252
304	0.35
305	0.009599
306	0.2749
307	0.01555
308	0.4204
309	0.178
310	0.5893
311	0.5952
312	0.1962
313	0.03275
314	0.1444
315	0.1356
316	0.09042
317	0.3506
318	0.003932
319	0.7849
320	0.1429
321	0.3432
322	0.2816
323	0.246
324	0.05647
325	0.02488
326	0.2215
327	0.08274
328	0.01578
329	0.2573
330	0.09378
331	0.2945
332	0.4269
333	0.03669
334	0.05128
335	0.3039
336	0.405
337	0.209
338	0.2082
339	0.3189
340	0.009536
341	0.1181
342	0.08368
343	0.1924
344	0.5745
345	0.03063
346	0.1297
347	0.1613
348	0.01976
349	0.3315
350	0.1105
351	0.2055
352	0.2088
353	0.1074
354	0.1908
355	0.5052
356	0.1073
357	0.06973
358	0.07952
359	0.06872
360	0.1416
361	0.338
362	0.214
363	0.5641
364	0.07803
365	0.151
366	0.01563
367	0.2626
368	0.4571
369	0.04588
370	0.2028
371	0.1547
372	0.5909
373	0.1065
374	0.3725
375	0.1296
376	0.4427
377	0.3696
378	0.2739
379	9.999E-4
380	0.2457
381	0.1631
382	0.25
383	0.3387
384	0.2975
385	0.0104
386	0.2244
387	0.2247
388	0.4247
389	0.09676
390	0.0956
391	0.2179
392	0.171
393	0.2412
394	0.1299
395	0.154
396	0.06038
397	0.1037
398	0.2757
399	0.02646
400	0.03343
401	0.04729
402	0.2617
403	0.2039
404	0.314
405	0.002088
406	0.09684
407	0.0371
408	0.2246
409	0.3194
410	0.06817
411	0.0377
412	0.04346
413	0.1128
414	0.1187
415	0.004573
416	0.05893
417	0.1963
418	0.1559
419	0.1279
420	0.06734
421	0.3103
422	0.09395
423	0.05516
424	0.2187
425	0.3513
426	0.6091
427	0.201
428	0.1128
429	0.4478
430	0.4692
431	0.1417
432	0.03646
433	0.1241
434	0.3714
435	0.2396
436	0.1227
437	0.4346
438	0.0253
439	0.05674
440	0.3911
441	0.1979
442	0.1333
443	0.2763
444	0.1397
445	0.07189
446	0.09709
447	0.1927
448	0.06341
449	0.09763
450	0.1243
451	0.06821
452	0.2418
453	0.342
454	0.1552
455	0.05477
456	0.1778
457	0.1436
458	0.02859
459	0.04697
460	0.3106
461	0.1788
462	0.01193
463	0.1681
464	0.3727
465	0.5518
466	0.08667
467	0.117
468	0.1956
469	0.3623
470	0.3151
471	0.1761
472	0.2462
473	0.1873
474	0.2905
475	0.02263
476	0.2889
477	0.1982
478	0.1072
479	0.01484
480	0.1323
481	0.04697
482	0.5311
483	0.2131
484	0.01836
485	0.3399
486	0.3169
487	0.05737
488	0.05584
489	0.3217
490	0.06434
491	0.2902
492	0.01759
493	0.4492
494	0.1068
495	0.09954
496	0.07999
497	0.1561
498	0.2706
499	0.04202
500	0.06511
251	0.2491
252	0.3203
253	0.2527
254	0.3647
255	0.01455
256	0.7021
257	0.0313
258	0.04165
259	0.1935
260	0.07427
261	0.1647
262	0.3103
263	0.01443
264	0.5064
265	0.4251
266	0.1154
267	0.1312
268	0.0639
269	0.3498
270	0.007075
271	0.002522
272	0.02737
273	0.5925
274	0.1635
275	0.3495
276	0.06659
277	0.01201
278	0.4003
279	0.05089
280	0.1176
281	0.3703
282	0.08198
283	0.01551
284	0.05038
285	0.03078
286	0.4257
287	0.05373
288	0.2693
289	0.5068
290	0.1856
291	0.118
292	0.1467
293	0.2127
294	0.2319
295	0.001807
296	0.1785
297	0.1053
298	0.05207
299	0.07042
300	0.2482
301	0.03542
302	0.1649
303	0.2162
304	0.02133
305	0.5661
306	0.2693
307	0.11
308	0.1282
309	0.0356
310	0.05462
311	0.08817
312	0.008313
313	0.2603
314	0.05556
315	0.2337
316	0.2327
317	0.003175
318	0.6173
319	0.05246
320	0.1262
321	0.09239
322	0.2583
323	0.3018
324	0.3547
325	0.04958
326	0.3555
327	0.2692
328	0.3725
329	0.101
330	0.06108
331	0.1048
332	0.2066
333	0.0385
334	0.4874
335	0.02884
336	0.318
337	0.1772
338	0.1928
339	0.1086
340	0.2133
341	0.02233
342	0.1394
343	0.1564
344	0.2009
345	0.1869
346	0.232
347	0.2352
348	0.06401
349	0.1952
350	0.1186
351	0.2637
352	0.3247
353	0.07679
354	0.1332
355	0.0285
356	0.1636
357	0.6478
358	0.5835
359	0.7496
360	0.6695
361	0.3653
362	0.1987
363	0.1542
364	0.5628
365	0.03707
366	0.3414
367	0.6549
368	0.06844
369	0.03392
370	0.02232
371	0.09322
372	0.005631
373	0.1678
374	0.09059
375	0.5127
376	0.1334
377	0.1281
378	0.05955
379	0.2151
380	0.134
381	0.1147
382	0.05264
383	0.08147
384	0.5619
385	0.005527
386	0.08834
387	0.04113
388	0.002202
389	0.06992
390	0.3626
391	0.1881
392	0.4798
393	0.1353
394	0.2301
395	0.04147
396	0.3409
397	0.4244
398	0.06773
399	0.421
400	0.07193
401	0.04987
402	0.07924
403	0.4386
404	0.2416
405	0.008954
406	0.2553
407	0.4776
408	0.3969
409	0.02968
410	0.329
411	0.01826
412	0.408
413	0.471
414	0.05651
415	0.00257
416	0.4918
417	0.1403
418	0.02632
419	0.1213
420	0.09409
421	0.007515
422	0.02274
423	0.1825
424	0.03667
425	0.06259
426	0.06245
427	0.1403
428	0.3344
429	0.4009
430	0.3108
431	0.3592
432	0.1249
433	0.1387
434	0.08069
435	0.01315
436	0.1402
437	0.2252
438	0.173
439	0.3294
440	0.4133
441	0.383
442	0.1404
443	0.02263
444	0.2363
445	0.04631
446	0.103
447	0.3983
448	0.2365
449	0.1703
450	0.02369
451	0.7451
452	0.3141
453	0.2118
454	0.4706
455	0.04703
456	0.3179
457	0.2723
458	0.1357
459	0.1365
460	0.1632
461	0.131
462	0.02751
463	0.09605
464	0.219
465	0.04585
466	0.3042
467	0.0575
468	0.0658
469	0.2449
470	0.2421
471	0.1354
472	0.3472
473	0.01688
474	0.07882
475	0.09492
476	0.08136
477	0.06649
478	0.6211
479	0.2468
480	0.1305
481	0.3881
482	0.2582
483	0.03223
484	0.4246
485	0.0528
486	0.1015
487	0.09197
488	0.3547
489	0.09116
490	0.2261
491	0.06687
492	0.04275
493	0.1383
494	0.3938
495	0.6189
496	0.08108
497	0.0249
498	0.06547
499	0.006816
500	0.1662
251	0.1424
252	0.482
253	0.1702
254	0.339
255	0.3918
256	0.08019
257	0.00712
258	0.2364
259	0.2292
260	0.6635
261	0.449
262	0.1402
263	0.1626
264	0.1314
265	0.1452
266	0.2313
267	0.6032
268	0.4689
269	0.3173
270	0.6387
271	0.2566
272	0.3863
273	0.04133
274	0.009868
275	0.1765
276	0.3325
277	0.792
278	0.08334
279	0.1514
280	0.81
281	0.0335
282	0.1934
283	0.05733
284	0.7873
285	0.633
286	0.06745
287	0.3601
288	0.1501
289	0.02851
290	0.2196
291	0.2567
292	0.02586
293	0.222
294	0.1333
295	0.7031
296	0.07141
297	0.6468
298	0.2578
299	0.02889
300	0.3697
301	0.3728
302	0.1599
303	0.2368
304	0.07198
305	0.1116
306	0.086
307	0.5445
308	0.1904
309	0.5458
310	0.01905
311	0.03187
312	0.7755
313	0.4265
314	0.6079
315	0.05686
316	0.2878
317	0.1356
318	0.1705
319	0.1069
320	0.6964
321	0.4121
322	0.1452
323	0.02393
324	0.01007
325	0.0788
326	0.3561
327	0.2061
328	0.002346
329	0.5003
330	0.825
331	0.2187
332	0.05759
333	0.4511
334	0.236
335	0.3471
336	0.1832
337	0.5541
338	0.3548
339	0.02854
340	0.4944
341	0.3183
342	0.7445
343	0.6103
344	0.1461
345	0.2673
346	0.2894
347	0.4301
348	0.01167
349	0.08895
350	0.3599
351	0.1347
352	0.1704
353	0.1733
354	0.2816
355	0.09104
356	0.7265
357	0.1668
358	0.1823
359	0.1111
360	0.04898
361	0.2703
362	0.2687
363	0.2642
364	0.06179
365	0.01634
366	0.4676
367	0.01478
368	0.2691
369	0.7066
370	0.356
371	0.2145
372	0.1686
373	0.1175
374	0.5105
375	0.3097
376	0.3035
377	0.1064
378	0.3493
379	0.7322
380	0.3997
381	0.2582
382	0.04298
383	0.2438
384	0.05266
385	0.8868
386	0.3392
387	0.5278
388	0.05553
389	0.1137
390	0.382
391	0.5502
392	0.2361
393	0.6157
394	0.262
395	0.4894
396	0.3567
397	0.3771
398	0.06183
399	0.1571
400	0.2719
401	0.1188
402	0.5969
403	0.1506
404	0.3191
405	0.1408
406	0.1651
407	0.4181
408	0.2743
409	0.4437
410	0.07081
411	0.3648
412	0.2386
413	0.3036
414	0.8182
415	0.7974
416	0.2358
417	0.09312
418	0.5892
419	0.4433
420	0.7841
421	0.6713
422	0.8015
423	0.729
424	0.2036
425	0.1719
426	0.2653
427	0.0442
428	0.1247
429	0.03052
430	0.161
431	0.4569
432	0.4907
433	0.2084
434	0.4221
435	0.6508
436	0.5859
437	0.001204
438	0.7856
439	0.154
440	0.1542
441	0.3187
442	0.3958
443	0.3773
444	0.08594
445	0.227
446	0.4811
447	0.102
448	0.3281
449	0.4817
450	0.1279
451	0.0158
452	0.2791
453	0.09788
454	0.1544
455	0.3259
456	0.06243
457	0.1195
458	0.4866
459	0.7682
460	0.4785
461	0.5942
462	0.3731
463	0.1139
464	0.2325
465	0.2306
466	0.2654
467	0.5965
468	0.6468
469	0.1529
470	0.3149
471	0.4629
472	0.3573
473	0.4893
474	0.3924
475	0.1737
476	0.03894
477	0.1999
478	0.1843
479	0.2179
480	0.1997
481	0.4132
482	0.008033
483	0.3407
484	0.413
485	0.4476
486	0.4848
487	0.4191
488	0.3696
489	0.3335
490	0.4398
491	0.517
492	0.6544
493	0.2648
494	0.005307
495	0.07406
496	0.221
497	0.8176
498	0.5472
499	0.4229
500	0.6464
251	0.3116
252	0.5913
253	0.5973
254	0.1589
255	0.4711
256	0.5437
257	0.7855
258	0.3582
259	0.8753
260	0.3596
261	0.7877
262	0.7768
263	0.6227
264	0.4411
265	0.4603
266	0.5324
267	0.2703
268	0.5125
269	0.6867
270	0.3238
271	0.7254
272	0.5861
273	0.4934
274	0.7218
275	0.7453
276	0.7695
277	0.6847
278	0.6776
279	0.2455
280	0.5434
281	0.5695
282	0.5368
283	0.5711
284	0.6985
285	0.765
286	0.5121
287	0.4321
288	0.6021
289	0.4298
290	0.4678
291	0.3923
292	0.7386
293	0.6012
294	0.6533
295	0.692
296	0.4408
297	0.558
298	0.7174
299	0.5581
300	0.551
301	0.6958
302	0.4307
303	0.119
304	0.5055
305	0.7305
306	0.5696
307	0.4792
308	0.4102
309	0.08352
310	0.3376
311	0.6228
312	0.597
313	0.2415
314	0.6245
315	0.5864
316	0.5775
317	0.4105
318	0.4832
319	0.5351
320	0.7741
321	0.4433
322	0.4597
323	0.5358
324	0.7053
325	0.5113
326	0.9179
327	0.7264
328	0.4834
329	0.7611
330	0.9047
331	0.563
332	0.7667
333	0.6606
334	0.1427
335	0.6333
336	0.7279
337	0.5257
338	0.5973
339	0.3927
340	0.7171
341	0.4936
342	0.7246
343	0.3215
344	0.7445
345	0.4496
346	0.5761
347	0.6547
348	0.2558
349	0.4728
350	0.4109
351	0.497
352	0.344
353	0.3873
354	0.7327
355	0.4954
356	0.5396
357	0.4646
358	0.8956
359	0.6762
360	0.7423
361	0.6922
362	0.5343
363	0.4384
364	0.5788
365	0.4434
366	0.687
367	0.5532
368	0.5988
369	0.7115
370	0.6256
371	0.3006
372	0.5479
373	0.5355
374	0.7045
375	0.6478
376	0.7133
377	0.582
378	0.497
379	0.5302
380	0.5439
381	0.3435
382	0.4707
383	0.4691
384	0.2869
385	0.5431
386	0.4982
387	0.3301
388	0.5963
389	0.4211
390	0.6987
391	0.4313
392	0.6472
393	0.3069
394	0.5072
395	0.4408
396	0.4457
397	0.7433
398	0.4582
399	0.3932
400	0.6053
401	0.3595
402	0.6908
403	0.7854
404	0.3721
405	0.6813
406	0.332
407	0.5282
408	0.8164
409	0.4323
410	0.6801
411	0.6609
412	0.4136
413	0.8208
414	0.5738
415	0.5494
416	0.4042
417	0.4814
418	0.5024
419	0.3748
420	0.8042
421	0.5041
422	0.6371
423	0.7517
424	0.3547
425	0.7499
426	0.4841
427	0.4481
428	0.6101
429	0.688
430	0.7861
431	0.7506
432	0.6314
433	0.6091
434	0.4023
435	0.4815
436	0.4262
437	0.2955
438	0.4991
439	0.7189
440	0.8038
441	0.3947
442	0.6523
443	0.06272
444	0.5624
445	0.2757
446	0.6722
447	0.7399
448	0.8516
449	0.5049
450	0.7099
451	0.5215
452	0.4894
453	0.5734
454	0.4481
455	0.6547
456	0.4398
457	0.7296
458	0.5871
459	0.6137
460	0.8281
461	0.3106
462	0.6296
463	0.4976
464	0.3839
465	0.7916
466	0.401
467	0.5042
468	0.7413
469	0.5209
470	0.451
471	0.6599
472	0.137
473	0.4885
474	0.7467
475	0.733
476	0.4415
477	0.4418
478	0.7113
479	0.4777
480	0.6542
481	0.5694
482	0.4598
483	0.5135
484	0.539
485	0.5198
486	0.3423
487	0.6073
488	0.3542
489	0.4033
490	0.7945
491	0.2932
492	0.3872
493	0.5719
494	0.632
495	0.5996
496	0.3797
497	0.7416
498	0.1991
499	0.4737
500	0.6802
251	0.5017
252	0.3434
253	0.3077
254	0.3183
255	0.2575
256	0.3178
257	0.1121
258	0.3445
259	0.01807
260	0.5499
261	0.1097
262	0.1214
263	0.1341
264	0.4539
265	0.4215
266	0.271
267	0.5387
268	0.3915
269	0.1324
270	0.3871
271	0.03907
272	0.2419
273	0.2466
274	0.04881
275	0.202
276	0.1111
277	0.1832
278	0.02289
279	0.2317
280	0.2356
281	0.1222
282	0.174
283	0.1669
284	0.155
285	0.1044
286	0.4105
287	0.393
288	0.2318
289	0.3507
290	0.2511
291	0.2487
292	0.01686
293	0.1088
294	0.2623
295	0.1015
296	0.007014
297	0.1955
298	0.0553
299	0.2017
300	0.3131
301	0.1509
302	0.2751
303	0.5056
304	0.185
305	0.1131
306	0.2286
307	0.3591
308	0.3255
309	0.2968
310	0.2806
311	0.1222
312	0.3842
313	0.5263
314	0.2961
315	0.02132
316	0.1726
317	0.4311
318	0.373
319	0.3396
320	0.1548
321	0.3553
322	0.3762
323	0.1303
324	0.1109
325	0.07173
326	0.01045
327	0.01603
328	0.04343
329	0.1093
330	0.07788
331	0.2602
332	0.08404
333	0.1581
334	0.6172
335	0.1281
336	0.2306
337	0.3798
338	0.2771
339	0.2777
340	0.05033
341	0.2239
342	0.2002
343	0.6378
344	0.1783
345	0.1448
346	0.3222
347	0.1884
348	0.2351
349	0.2928
350	0.3721
351	0.2981
352	0.4927
353	0.2062
354	0.1296
355	0.02461
356	0.3642
357	0.3518
358	0.005068
359	0.07396
360	0.1625
361	0.1753
362	0.3596
363	0.4593
364	0.2596
365	0.2456
366	0.1503
367	0.2843
368	0.2624
369	0.1533
370	0.07075
371	0.1603
372	0.2485
373	0.214
374	0.2738
375	0.2433
376	0.03916
377	0.1402
378	0.3255
379	0.3595
380	0.3295
381	0.4162
382	0.2202
383	0.3159
384	0.5671
385	0.2177
386	0.2174
387	0.3673
388	0.2073
389	0.212
390	0.001112
391	0.1824
392	0.2804
393	0.6309
394	0.2108
395	0.3282
396	0.4834
397	0.1525
398	0.2013
399	0.202
400	0.06219
401	0.1496
402	0.2016
403	0.1335
404	0.4525
405	0.07919
406	0.423
407	0.3522
408	0.03179
409	0.2211
410	0.04398
411	0.1971
412	0.3643
413	0.1048
414	0.2969
415	0.2845
416	0.1005
417	0.1956
418	0.2151
419	0.4207
420	0.1554
421	0.284
422	0.19
423	0.09995
424	0.1741
425	0.007578
426	0.467
427	0.2053
428	0.1912
429	0.2241
430	0.1433
431	0.1105
432	0.09681
433	0.1505
434	0.481
435	0.186
436	0.3874
437	0.5285
438	0.4681
439	0.08371
440	1.333E-4
441	0.3356
442	0.2675
443	0.3544
444	0.1084
445	0.4085
446	0.1995
447	0.04154
448	0.007848
449	0.2462
450	0.05712
451	0.3158
452	0.2506
453	0.2046
454	0.2479
455	0.1265
456	0.3261
457	0.02934
458	0.2205
459	0.1217
460	0.06768
461	0.6009
462	0.1806
463	0.2604
464	0.2988
465	0.04814
466	0.3748
467	0.2973
468	0.1736
469	0.351
470	0.3999
471	0.251
472	0.6285
473	0.3763
474	0.1203
475	0.04877
476	0.2545
477	0.3439
478	0.1797
479	0.1868
480	0.1522
481	0.266
482	0.3719
483	0.08185
484	0.2525
485	0.3118
486	0.4779
487	0.09264
488	0.1299
489	0.3457
490	0.0521
491	0.5461
492	0.3497
493	0.2568
494	0.2082
495	0.2606
496	0.3916
497	0.2468
498	0.2709
499	0.04674
500	0.2029
251	0.02799
252	0.00573
253	0.02415
254	0.07686
255	0.1025
256	0.0443
257	0.03108
258	0.006819
259	0.003078
260	0.08859
261	0.06028
262	0.03651
263	0.08229
264	0.002493
265	0.04959
266	0.13
267	0.009632
268	0.02112
269	0.002417
270	0.1041
271	0.0881
272	0.01545
273	0.1428
274	0.09373
275	0.01547
276	0.03079
277	0.1132
278	0.1047
279	0.02039
280	0.2105
281	0.05995
282	0.07976
283	0.03284
284	0.005706
285	0.1096
286	0.05805
287	0.02534
288	0.1109
289	0.03165
290	0.04915
291	0.04568
292	0.041
293	0.1289
294	0.002603
295	0.1219
296	0.01475
297	0.1418
298	0.1079
299	0.02806
300	0.0448
301	0.05776
302	0.132
303	0.09323
304	0.1108
305	0.05698
306	0.01446
307	0.04465
308	0.0995
309	0.3527
310	0.02628
311	0.09954
312	0.009773
313	0.1191
314	0.01418
315	0.1805
316	0.01448
317	0.00549
318	0.03746
319	0.003238
320	0.054
321	0.1206
322	0.07213
323	0.1066
324	0.05267
325	0.1173
326	0.04859
327	0.009912
328	0.00605
329	0.07429
330	0.01077
331	0.009954
332	0.03314
333	0.07365
334	0.06806
335	0.1009
336	0.006159
337	0.03127
338	0.03559
339	0.02031
340	0.02702
341	0.1203
342	0.05609
343	0.01853
344	0.05347
345	0.08566
346	0.01411
347	0.07677
348	0.1076
349	0.004577
350	0.04918
351	0.1013
352	0.007881
353	0.06104
354	0.004257
355	0.2354
356	0.09549
357	0.1376
358	0.03265
359	0.1503
360	0.01127
361	0.1077
362	0.0268
363	0.09338
364	0.01706
365	0.06787
366	0.04184
367	0.05783
368	0.06829
369	0.0235
370	0.01349
371	0.1769
372	0.03829
373	0.04837
374	0.009089
375	0.0324
376	0.1086
377	0.1296
378	0.04719
379	0.09121
380	0.03256
381	0.06542
382	0.1166
383	0.02181
384	0.08925
385	0.1548
386	0.1378
387	0.1751
388	0.01176
389	0.09118
390	0.1789
391	0.1659
392	0.03674
393	0.05402
394	0.00738
395	0.1358
396	0.002251
397	0.06813
398	0.01417
399	0.1604
400	0.1195
401	0.01491
402	0.09092
403	0.005787
404	0.1283
405	0.008406
406	0.0509
407	0.05343
408	0.04205
409	0.2594
410	0.1451
411	0.006347
412	0.06828
413	0.03938
414	0.1274
415	0.1039
416	0.007563
417	0.04278
418	0.1111
419	0.0657
420	0.001911
421	0.2063
422	0.1351
423	0.1337
424	0.1225
425	0.04338
426	0.02581
427	0.02321
428	0.006189
429	0.03385
430	0.04043
431	0.09879
432	0.1283
433	0.08035
434	0.008513
435	0.2102
436	0.1451
437	0.03866
438	0.02802
439	0.0223
440	0.1484
441	0.201
442	3.421E-4
443	0.2138
444	0.05441
445	0.1293
446	0.01057
447	0.04895
448	0.03507
449	0.1507
450	0.05724
451	0.1056
452	0.1657
453	0.02242
454	0.2093
455	0.04259
456	0.08086
457	0.01807
458	0.104
459	0.2367
460	0.0848
461	0.04537
462	0.02872
463	0.07613
464	0.2079
465	0.1176
466	0.01378
467	0.02995
468	0.01204
469	0.01276
470	0.02122
471	0.02294
472	0.1373
473	0.03958
474	0.03297
475	0.0228
476	0.1278
477	0.03414
478	0.01849
479	0.06223
480	0.005794
481	0.05209
482	0.02777
483	0.1347
484	0.1091
485	0.05917
486	0.1296
487	0.1298
488	0.2578
489	0.1255
490	0.04283
491	0.09103
492	0.1325
493	0.09879
494	0.01255
495	0.0785
496	0.05354
497	0.01032
498	0.4147
499	0.04897
500	0.005289
251	0.1587
252	0.05959
253	0.07088
254	0.446
255	0.1689
256	0.09421
257	0.07126
258	0.2904
259	0.1036
260	0.001907
261	0.04223
262	0.06534
263	0.1609
264	0.1025
265	0.06864
266	0.06663
267	0.1814
268	0.07493
269	0.1785
270	0.1851
271	0.1474
272	0.1565
273	0.1172
274	0.1357
275	0.03724
276	0.08863
277	0.01885
278	0.1948
279	0.5023
280	0.01049
281	0.2483
282	0.2094
283	0.2291
284	0.1409
285	0.02101
286	0.01936
287	0.1496
288	0.05518
289	0.1879
290	0.2319
291	0.3134
292	0.2035
293	0.161
294	0.08187
295	0.0846
296	0.5374
297	0.1046
298	0.1194
299	0.2121
300	0.09108
301	0.0956
302	0.1623
303	0.2822
304	0.1986
305	0.0994
306	0.1874
307	0.117
308	0.1648
309	0.267
310	0.3555
311	0.1554
312	0.008977
313	0.1131
314	0.06523
315	0.2118
316	0.2354
317	0.153
318	0.1063
319	0.122
320	0.01713
321	0.08075
322	0.09198
323	0.2273
324	0.1312
325	0.2997
326	0.02302
327	0.2476
328	0.4671
329	0.0553
330	0.006696
331	0.1668
332	0.1161
333	0.1077
334	0.172
335	0.1376
336	0.0353
337	0.06329
338	0.09002
339	0.3093
340	0.2055
341	0.1622
342	0.01916
343	0.02223
344	0.02372
345	0.3199
346	0.08758
347	0.08012
348	0.4015
349	0.2299
350	0.1679
351	0.1036
352	0.1555
353	0.3455
354	0.1335
355	0.2445
356	6.912E-4
357	0.04598
358	0.06664
359	0.09957
360	0.08387
361	0.02479
362	0.07928
363	0.008911
364	0.1445
365	0.2431
366	0.1208
367	0.1047
368	0.07048
369	0.1117
370	0.2901
371	0.3622
372	0.1652
373	0.2022
374	0.01262
375	0.07648
376	0.139
377	0.1482
378	0.1303
379	0.01914
380	0.09399
381	0.1749
382	0.1926
383	0.1932
384	0.05672
385	0.08436
386	0.1466
387	0.1275
388	0.1846
389	0.2756
390	0.1212
391	0.2205
392	0.03562
393	0.008201
394	0.2746
395	0.09521
396	0.06861
397	0.03609
398	0.3263
399	0.2444
400	0.213
401	0.476
402	0.01669
403	0.07532
404	0.04699
405	0.2311
406	0.1942
407	0.06613
408	0.1098
409	0.08719
410	0.1308
411	0.1357
412	0.1539
413	0.03502
414	0.001898
415	0.06218
416	0.4878
417	0.2802
418	0.1714
419	0.1388
420	0.0385
421	0.005665
422	0.03788
423	0.01464
424	0.3488
425	0.1991
426	0.02304
427	0.3234
428	0.1925
429	0.054
430	0.03016
431	0.04015
432	0.1435
433	0.1601
434	0.1082
435	0.1222
436	0.0413
437	0.1373
438	0.004743
439	0.1751
440	0.04761
441	0.06879
442	0.07982
443	0.3691
444	0.2748
445	0.1865
446	0.1177
447	0.1696
448	0.1055
449	0.09823
450	0.1757
451	0.05718
452	0.0942
453	0.1995
454	0.09462
455	0.1762
456	0.1533
457	0.223
458	0.08847
459	0.02795
460	0.01942
461	0.04312
462	0.1611
463	0.1659
464	0.1094
465	0.04261
466	0.2104
467	0.1686
468	0.07303
469	0.1153
470	0.1279
471	0.06615
472	0.09714
473	0.09563
474	0.1
475	0.1954
476	0.1762
477	0.1802
478	0.09053
479	0.2732
480	0.1878
481	0.1125
482	0.1405
483	0.2699
484	0.09933
485	0.1092
486	0.05013
487	0.1703
488	0.2581
489	0.1256
490	0.1106
491	0.06963
492	0.1307
493	0.0726
494	0.1473
495	0.06131
496	0.1752
497	0.001196
498	0.1153
499	0.4306
500	0.1117
251	0.6969
252	0.6267
253	0.5188
254	0.2177
255	0.2438
256	0.4421
257	0.1618
258	0.7865
259	0.1343
260	0.4449
261	0.1869
262	0.2138
263	0.4909
264	0.6547
265	0.6158
266	0.3855
267	0.7866
268	0.4595
269	0.1724
270	0.5595
271	0.4637
272	0.5175
273	0.4966
274	0.2867
275	0.5438
276	0.5683
277	0.4518
278	0.4366
279	0.3202
280	0.6352
281	0.6745
282	0.5738
283	0.2981
284	0.6655
285	0.4978
286	0.1232
287	0.3825
288	0.431
289	0.6747
290	0.5566
291	0.5792
292	0.6851
293	0.6209
294	0.4211
295	0.6572
296	0.6092
297	0.6076
298	0.4902
299	0.3731
300	0.2656
301	0.2123
302	0.7125
303	0.3786
304	0.5784
305	0.7911
306	0.697
307	0.3477
308	0.5472
309	0.3634
310	0.512
311	0.3828
312	0.7259
313	0.7923
314	0.4713
315	0.2162
316	0.6956
317	0.5962
318	0.4333
319	0.1794
320	0.2868
321	0.8012
322	0.2231
323	0.3051
324	0.4361
325	0.7465
326	0.3829
327	0.5082
328	0.6009
329	0.3118
330	0.5425
331	0.4619
332	0.3085
333	0.3931
334	0.5034
335	0.6333
336	0.4488
337	0.4934
338	0.5567
339	0.5323
340	0.5666
341	0.5283
342	0.68
343	0.4018
344	0.416
345	0.445
346	0.3899
347	0.4978
348	0.7231
349	0.3034
350	0.3701
351	0.2813
352	0.1792
353	0.3124
354	0.4537
355	0.07084
356	0.423
357	0.6927
358	0.5819
359	0.6095
360	0.3723
361	0.5253
362	0.295
363	0.3442
364	0.492
365	0.5871
366	0.4224
367	0.4245
368	0.7299
369	0.8529
370	0.7909
371	0.7354
372	0.4512
373	0.4663
374	0.4314
375	0.5774
376	0.8185
377	0.2367
378	0.6006
379	0.743
380	0.4431
381	0.6695
382	0.6127
383	0.5944
384	0.4979
385	0.7907
386	0.4393
387	0.5747
388	0.3089
389	0.8112
390	0.4363
391	0.4325
392	0.54
393	0.1836
394	0.1545
395	0.1993
396	0.4007
397	0.3453
398	0.752
399	0.4168
400	0.5885
401	0.3047
402	0.3888
403	0.4526
404	0.5301
405	0.3967
406	0.405
407	0.4757
408	0.2339
409	0.6239
410	0.1454
411	0.4532
412	0.62
413	0.3458
414	0.8194
415	0.5339
416	0.5622
417	0.6974
418	0.6931
419	0.339
420	0.3938
421	0.6523
422	0.2895
423	0.6771
424	0.5975
425	0.4497
426	0.4423
427	0.6664
428	0.3687
429	0.6449
430	0.2931
431	0.5628
432	0.2678
433	0.3039
434	0.5108
435	0.4124
436	0.02472
437	0.5829
438	0.6764
439	0.4182
440	0.2292
441	0.6405
442	0.3212
443	0.3563
444	0.7701
445	0.8234
446	0.6799
447	0.4612
448	0.2604
449	0.6632
450	0.3338
451	0.3846
452	0.7633
453	0.4733
454	0.3309
455	0.3574
456	0.6257
457	0.4272
458	0.565
459	0.7643
460	0.4684
461	0.558
462	0.8841
463	0.1387
464	0.7452
465	0.08444
466	0.7859
467	0.8322
468	0.4995
469	0.6304
470	0.5958
471	0.4482
472	0.6001
473	0.4144
474	0.3779
475	0.6151
476	0.4143
477	0.5481
478	0.7614
479	0.5877
480	0.2415
481	0.7882
482	0.5617
483	0.3549
484	0.5948
485	0.4836
486	0.3354
487	0.4837
488	0.5864
489	0.5726
490	0.3598
491	0.5098
492	0.5908
493	0.3322
494	0.2714
495	0.4925
496	0.5277
497	0.685
498	0.4341
499	0.624
500	0.3936
251	0.1033
252	0.0886
253	0.2418
254	0.3147
255	0.01657
256	0.2879
257	0.4022
258	0.01097
259	0.3716
260	0.1997
261	0.3785
262	0.3181
263	0.07826
264	0.08195
265	0.04479
266	0.319
267	0.09976
268	0.1268
269	0.1496
270	0.06379
271	0.09637
272	0.2225
273	0.4539
274	0.3276
275	0.09857
276	0.1208
277	0.317
278	0.4444
279	0.2271
280	0.2349
281	0.2195
282	0.2063
283	0.3231
284	0.1723
285	0.3675
286	0.02704
287	0.1874
288	0.321
289	0.1166
290	0.2567
291	0.2619
292	0.02725
293	0.1945
294	0.1968
295	0.04024
296	0.3348
297	0.3094
298	0.3587
299	0.285
300	0.2952
301	0.5205
302	0.1054
303	0.2632
304	0.1032
305	0.07572
306	0.06752
307	0.3376
308	0.1472
309	0.3353
310	0.1241
311	0.322
312	0.04129
313	0.1289
314	0.28
315	0.3404
316	0.1664
317	0.05333
318	0.289
319	0.2758
320	0.527
321	0.00345
322	0.08929
323	0.339
324	0.5095
325	0.01838
326	0.3885
327	0.3103
328	0.1581
329	0.04445
330	0.04415
331	0.3904
332	0.4138
333	0.4864
334	0.2008
335	0.01101
336	0.2122
337	0.415
338	0.09421
339	0.1595
340	0.3028
341	0.3351
342	0.2578
343	0.187
344	0.2032
345	0.1836
346	0.2524
347	0.3828
348	0.1134
349	0.4023
350	0.1841
351	0.2678
352	0.272
353	0.4973
354	0.3302
355	0.5531
356	0.334
357	0.1495
358	0.2365
359	0.2947
360	0.4561
361	0.3125
362	0.2597
363	0.1765
364	0.3388
365	0.2533
366	0.3323
367	0.4043
368	0.007636
369	0.01705
370	0.05673
371	0.04488
372	0.1385
373	0.2655
374	0.01369
375	0.2411
376	0.005818
377	0.4074
378	0.3052
379	0.1962
380	0.208
381	0.1343
382	0.216
383	0.1482
384	0.06377
385	0.108
386	0.01791
387	0.2677
388	0.332
389	0.1321
390	0.3451
391	0.2591
392	0.02092
393	0.3339
394	0.6898
395	0.5072
396	0.007878
397	0.3917
398	0.1173
399	0.3803
400	0.1856
401	0.1381
402	0.2576
403	0.2229
404	0.2183
405	0.3617
406	0.2386
407	0.1576
408	0.528
409	0.1832
410	0.5271
411	0.2936
412	0.242
413	0.3584
414	0.0489
415	0.3477
416	0.3013
417	0.1892
418	0.147
419	0.2451
420	0.3073
421	0.04458
422	0.4129
423	0.06513
424	0.1513
425	0.3069
426	0.1642
427	0.2025
428	0.4116
429	0.0146
430	0.3406
431	0.1659
432	0.1995
433	0.3198
434	0.212
435	0.2034
436	0.5875
437	0.1328
438	0.1154
439	0.1396
440	0.2543
441	0.1644
442	0.3678
443	0.3737
444	0.1104
445	0.0803
446	0.1078
447	0.4479
448	0.3909
449	0.2451
450	0.4342
451	0.04528
452	0.07239
453	0.08867
454	0.1518
455	0.4081
456	0.1514
457	0.1621
458	0.04838
459	0.1489
460	0.1439
461	0.2408
462	0.01235
463	0.4078
464	0.05065
465	0.5553
466	0.1158
467	0.08947
468	0.3721
469	0.1353
470	0.05424
471	0.3994
472	0.0845
473	0.07997
474	0.1898
475	0.2234
476	0.3841
477	0.2558
478	0.1099
479	0.278
480	0.4923
481	0.1711
482	0.1579
483	0.4394
484	0.3681
485	0.01704
486	0.2085
487	0.2704
488	0.2906
489	0.2129
490	0.3214
491	0.2615
492	0.3697
493	0.277
494	0.2285
495	0.06768
496	0.171
497	0.1819
498	0.2016
499	0.1841
500	0.1989
251	0.1041
252	0.2425
253	0.1356
254	0.3817
255	0.4298
256	0.2447
257	0.2027
258	0.1002
259	0.3756
260	0.2258
261	0.1841
262	0.3093
263	0.3011
264	0.1909
265	0.2083
266	0.1201
267	0.08904
268	0.2899
269	0.6287
270	0.2639
271	0.244
272	0.2137
273	0.04233
274	0.1555
275	0.1907
276	0.173
277	0.1713
278	0.1065
279	0.229
280	0.1054
281	0.09393
282	0.07081
283	0.2557
284	0.1567
285	0.01145
286	0.2847
287	0.2989
288	0.06445
289	0.176
290	0.1681
291	0.1022
292	0.1394
293	0.1252
294	0.2238
295	0.1995
296	0.04655
297	0.0617
298	0.05067
299	0.2871
300	0.3913
301	0.1511
302	0.1265
303	0.2791
304	0.04855
305	0.1206
306	0.1675
307	0.3026
308	0.1603
309	0.1498
310	0.08245
311	0.08455
312	0.1655
313	0.07011
314	0.205
315	0.2961
316	0.05947
317	0.2293
318	0.2746
319	0.2685
320	0.1008
321	4.709E-4
322	0.421
323	0.1695
324	0.0181
325	0.2196
326	0.0728
327	0.1564
328	0.2351
329	0.2898
330	0.3241
331	0.04467
332	0.1134
333	0.09576
334	0.2725
335	0.2009
336	0.06158
337	0.02811
338	0.2598
339	0.2185
340	0.125
341	0.09058
342	0.02059
343	0.275
344	0.02671
345	0.3485
346	0.2601
347	0.05406
348	0.1556
349	0.1018
350	0.3486
351	0.1971
352	0.3538
353	0.1133
354	0.1394
355	0.1775
356	0.1644
357	0.1067
358	0.1353
359	0.07497
360	0.1173
361	0.04573
362	0.3342
363	0.2233
364	0.1389
365	0.07634
366	0.2367
367	0.06931
368	0.003411
369	0.1018
370	0.043
371	0.1512
372	0.2408
373	0.1128
374	0.3182
375	0.1313
376	0.02171
377	0.1793
378	0.009107
379	0.06039
380	0.2367
381	0.03404
382	0.04851
383	0.1385
384	0.3115
385	0.09378
386	0.3231
387	0.06966
388	0.2267
389	0.02379
390	0.1533
391	0.1838
392	0.3225
393	0.2655
394	0.05694
395	0.1965
396	0.5354
397	0.2259
398	0.05978
399	0.1908
400	0.2028
401	0.483
402	0.1881
403	0.1655
404	0.112
405	0.2404
406	0.2843
407	0.3447
408	0.1595
409	0.04538
410	0.2542
411	0.2179
412	0.1095
413	0.2115
414	0.07058
415	0.1154
416	0.1147
417	0.04566
418	0.1019
419	0.2527
420	0.2766
421	0.1712
422	0.2508
423	0.1538
424	0.1498
425	0.1183
426	0.1577
427	0.04199
428	0.1344
429	0.1105
430	0.1496
431	0.1066
432	0.4821
433	0.3176
434	0.1809
435	0.2015
436	0.2399
437	0.07212
438	0.1939
439	0.4044
440	0.2073
441	0.08961
442	0.2221
443	0.1421
444	0.06971
445	0.05929
446	0.175
447	0.02095
448	0.2859
449	0.05319
450	0.1766
451	0.4489
452	0.0366
453	0.2563
454	0.3873
455	0.2076
456	0.001862
457	0.2564
458	0.2975
459	0.06936
460	0.1596
461	0.1137
462	0.09175
463	0.2976
464	0.08909
465	0.1096
466	0.02129
467	0.03135
468	0.07031
469	0.1274
470	0.2589
471	0.0546
472	0.1954
473	0.2817
474	0.2979
475	0.1441
476	0.05069
477	0.09485
478	0.06648
479	0.1302
480	0.1681
481	0.01928
482	0.1119
483	0.1402
484	0.01692
485	0.2884
486	0.2714
487	0.2108
488	0.1083
489	0.09318
490	0.282
491	0.1183
492	0.02683
493	0.2066
494	0.4287
495	0.306
496	0.1095
497	0.08719
498	0.1572
499	0.1773
500	0.3255
251	0.09577
252	0.04226
253	0.1037
254	0.08591
255	0.3098
256	0.02534
257	0.2332
258	0.1024
259	0.1185
260	0.1297
261	0.2505
262	0.1589
263	0.1297
264	0.07241
265	0.1312
266	0.1754
267	0.02461
268	0.1238
269	0.04919
270	0.1128
271	0.1959
272	0.04627
273	0.007169
274	0.2302
275	0.1669
276	0.138
277	0.05992
278	0.01254
279	0.2237
280	0.0244
281	0.0121
282	0.1491
283	0.1231
284	0.005454
285	0.1232
286	0.5651
287	0.1312
288	0.1835
289	0.03268
290	0.01862
291	0.05675
292	0.1483
293	0.05943
294	0.1583
295	0.1031
296	0.009477
297	0.0213
298	0.1004
299	0.05474
300	0.04794
301	0.1161
302	0.05565
303	0.07917
304	0.2699
305	0.0126
306	0.06798
307	0.01209
308	0.1453
309	0.1516
310	0.2815
311	0.2106
312	0.06727
313	0.008729
314	0.04366
315	0.1472
316	0.07856
317	0.1211
318	0.003154
319	0.2763
320	0.08537
321	0.1949
322	0.2666
323	0.1864
324	0.03631
325	0.01549
326	0.1557
327	0.02506
328	0.005932
329	0.354
330	0.08925
331	0.103
332	0.1644
333	0.02473
334	0.02337
335	0.1548
336	0.2774
337	0.06356
338	0.08929
339	0.08978
340	0.005541
341	0.046
342	0.0416
343	0.1361
344	0.3542
345	0.02287
346	0.09763
347	0.06532
348	0.007907
349	0.1926
350	0.09716
351	0.2537
352	0.195
353	0.07703
354	0.07671
355	0.1985
356	0.07857
357	0.05104
358	0.04628
359	0.02081
360	0.05429
361	0.1164
362	0.1111
363	0.2561
364	0.03029
365	0.08324
366	0.008493
367	0.1019
368	0.259
369	0.02821
370	0.1093
371	0.06853
372	0.1696
373	0.1554
374	0.2367
375	0.05022
376	0.154
377	0.1766
378	0.08514
379	4.086E-4
380	0.1122
381	0.1622
382	0.1227
383	0.1189
384	0.1268
385	0.007518
386	0.2198
387	0.08789
388	0.1324
389	0.03288
390	0.06534
391	0.1246
392	0.1166
393	0.2169
394	0.09872
395	0.09703
396	0.05593
397	0.03705
398	0.07091
399	0.0121
400	0.02306
401	0.0742
402	0.1655
403	0.159
404	0.1395
405	0.001248
406	0.07205
407	0.02202
408	0.07863
409	0.1476
410	0.07329
411	0.03531
412	0.02848
413	0.08422
414	0.06113
415	0.002959
416	0.02182
417	0.06776
418	0.05796
419	0.1633
420	0.02232
421	0.1319
422	0.0468
423	0.104
424	0.1014
425	0.125
426	0.2358
427	0.0891
428	0.08531
429	0.23
430	0.2167
431	0.1647
432	0.0507
433	0.05877
434	0.09631
435	0.1827
436	0.1478
437	0.2122
438	0.01423
439	0.03781
440	0.3093
441	0.1055
442	0.0889
443	0.1279
444	0.04978
445	0.03696
446	0.03729
447	0.06998
448	0.06284
449	0.03851
450	0.05548
451	0.1212
452	0.1277
453	0.1817
454	0.13
455	0.02683
456	0.221
457	0.1543
458	0.08912
459	0.01743
460	0.2281
461	0.08742
462	0.01181
463	0.156
464	0.1151
465	0.2507
466	0.07695
467	0.04693
468	0.05811
469	0.107
470	0.09112
471	0.09787
472	0.1199
473	0.2239
474	0.1344
475	0.01737
476	0.1509
477	0.1012
478	0.06216
479	0.004086
480	0.09805
481	0.02145
482	0.1685
483	0.06552
484	0.02012
485	0.2109
486	0.1847
487	0.03522
488	0.01469
489	0.1214
490	0.03678
491	0.1105
492	0.01267
493	0.1842
494	0.07143
495	0.1339
496	0.1918
497	0.0459
498	0.2071
499	0.01458
500	0.0819
251	0.5456
252	0.3216
253	0.4354
254	0.7273
255	0.4319
256	0.6519
257	0.3646
258	0.2493
259	0.1905
260	0.8879
261	0.1146
262	0.2075
263	0.3487
264	0.226
265	0.5934
266	0.421
267	0.4146
268	0.5756
269	0.09697
270	0.7247
271	0.6133
272	0.1724
273	0.2733
274	0.2879
275	0.1537
276	0.4013
277	0.621
278	0.1624
279	0.3115
280	0.2131
281	0.1314
282	0.4723
283	0.09375
284	0.4755
285	0.2287
286	0.2496
287	0.5887
288	0.1807
289	0.2627
290	0.5429
291	0.4529
292	0.2182
293	0.5607
294	0.2776
295	0.2891
296	0.1414
297	0.2529
298	0.1174
299	0.5172
300	0.4595
301	0.3398
302	0.1492
303	0.05614
304	0.3857
305	0.2918
306	0.06094
307	0.8587
308	0.6257
309	0.7721
310	0.6029
311	0.05026
312	0.4157
313	0.2668
314	0.02206
315	0.263
316	0.3554
317	0.4392
318	0.6321
319	0.378
320	0.6823
321	0.3557
322	0.6195
323	0.2787
324	0.08623
325	0.5338
326	0.319
327	0.4025
328	0.4019
329	0.3833
330	0.214
331	0.3369
332	0.7129
333	0.3177
334	0.6235
335	0.3627
336	0.3795
337	0.6308
338	0.611
339	0.5738
340	0.5709
341	0.4618
342	0.4557
343	0.2348
344	0.2229
345	0.319
346	0.1558
347	0.1372
348	0.4665
349	0.7032
350	0.1102
351	0.6202
352	0.5476
353	0.7664
354	0.2583
355	0.3464
356	0.3963
357	0.4577
358	0.2468
359	0.4574
360	0.3148
361	0.2604
362	0.6605
363	0.2795
364	0.4112
365	0.2679
366	0.5761
367	0.3495
368	0.4059
369	0.4987
370	0.347
371	0.1682
372	0.7518
373	0.02463
374	0.5355
375	0.6586
376	0.3116
377	0.6033
378	0.5259
379	0.4988
380	0.08845
381	0.2462
382	0.12
383	0.5006
384	0.7555
385	0.8246
386	0.4992
387	0.7294
388	0.6566
389	0.2773
390	0.4973
391	0.6575
392	0.2129
393	0.3246
394	0.5456
395	0.7585
396	0.6859
397	0.454
398	0.4008
399	0.4897
400	0.4265
401	0.767
402	0.1741
403	0.4127
404	0.5899
405	0.4648
406	0.2338
407	0.5991
408	0.3171
409	0.3707
410	0.2006
411	0.3358
412	0.5054
413	0.05218
414	0.2562
415	0.5803
416	0.179
417	0.3263
418	0.482
419	0.6759
420	0.3481
421	0.5981
422	0.1888
423	0.5191
424	0.2899
425	0.2529
426	0.1151
427	0.4345
428	0.5916
429	0.328
430	0.6286
431	0.4864
432	0.2705
433	0.5767
434	0.6493
435	0.3545
436	0.5904
437	0.3657
438	0.3136
439	0.1709
440	0.457
441	0.4579
442	0.4656
443	0.1472
444	0.5187
445	0.6745
446	0.1416
447	0.5301
448	0.0878
449	0.1734
450	0.2769
451	0.5922
452	0.2981
453	0.3641
454	0.2419
455	0.1509
456	0.5977
457	0.07397
458	0.5533
459	0.4796
460	0.2053
461	0.6306
462	0.5858
463	0.4063
464	0.3
465	0.2324
466	0.5429
467	0.4713
468	0.5569
469	0.4368
470	0.4163
471	0.2207
472	0.42
473	0.6516
474	0.2918
475	0.04164
476	0.1213
477	0.6103
478	0.3882
479	0.3879
480	0.4052
481	0.4866
482	0.223
483	0.9717
484	0.2718
485	0.4506
486	0.8365
487	0.4938
488	0.3814
489	0.5737
490	0.4356
491	0.7368
492	0.6573
493	0.4089
494	0.496
495	0.4383
496	0.7149
497	0.3338
498	0.7113
499	0.4182
500	0.5712
251	0.1151
252	0.271
253	0.2482
254	0.08478
255	0.3003
256	0.06622
257	0.1058
258	0.3809
259	0.4765
260	0.01305
261	0.1159
262	0.4698
263	0.3831
264	0.43
265	0.1524
266	0.2623
267	0.1545
268	0.146
269	0.6434
270	0.1775
271	0.1885
272	0.546
273	0.2594
274	0.5099
275	0.4338
276	0.4351
277	0.1708
278	0.5657
279	0.4104
280	0.3711
281	0.3964
282	0.1822
283	0.8025
284	0.2853
285	0.3877
286	0.3466
287	0.3003
288	0.4523
289	0.3176
290	0.2082
291	0.39
292	0.6169
293	0.27
294	0.4626
295	0.552
296	0.3626
297	0.3331
298	0.4088
299	0.2854
300	0.2674
301	0.2111
302	0.6778
303	0.2848
304	0.3921
305	0.2736
306	0.2923
307	0.02855
308	0.2161
309	0.1079
310	0.1444
311	0.5371
312	0.3278
313	0.01446
314	0.4982
315	0.5132
316	0.291
317	0.1485
318	0.04348
319	0.4728
320	0.2154
321	0.434
322	0.2447
323	0.3796
324	0.1028
325	0.409
326	0.1936
327	0.3047
328	0.4447
329	0.3942
330	0.6188
331	0.1931
332	0.07063
333	0.3031
334	0.112
335	0.5366
336	0.212
337	0.1274
338	0.1595
339	0.2735
340	0.2274
341	0.3292
342	0.3938
343	0.3286
344	0.4623
345	0.2087
346	0.4486
347	0.3355
348	0.1561
349	0.1344
350	0.3056
351	0.1607
352	0.1714
353	0.07509
354	0.418
355	0.3389
356	0.2189
357	0.1758
358	0.4326
359	0.1747
360	0.2208
361	0.2376
362	0.001956
363	0.3795
364	0.1352
365	0.4136
366	0.1262
367	0.2015
368	0.1511
369	0.1587
370	0.4568
371	0.6567
372	0.2361
373	0.2137
374	0.3302
375	0.1108
376	0.1922
377	0.1535
378	0.2168
379	0.06547
380	0.1535
381	0.1817
382	0.4952
383	0.3682
384	0.04485
385	0.1606
386	0.2805
387	0.09221
388	0.238
389	0.2005
390	0.3161
391	0.1345
392	0.324
393	0.3306
394	0.1175
395	0.02436
396	0.0606
397	0.2136
398	0.0764
399	0.184
400	0.3942
401	0.05801
402	0.4928
403	0.1962
404	0.09941
405	0.4368
406	0.3688
407	0.09789
408	0.1853
409	0.3887
410	0.4992
411	0.2316
412	0.2293
413	0.4723
414	0.5301
415	0.03066
416	0.2667
417	0.501
418	0.3785
419	0.2161
420	0.5053
421	0.3534
422	0.6424
423	0.2679
424	0.4078
425	0.6103
426	0.1223
427	0.3295
428	0.0538
429	0.1444
430	0.03217
431	0.3593
432	0.5679
433	0.3117
434	0.1982
435	0.2697
436	0.1132
437	0.06971
438	0.1499
439	0.5283
440	0.267
441	0.09002
442	0.2324
443	0.4967
444	0.06014
445	0.09192
446	0.4219
447	0.01459
448	0.2738
449	0.3051
450	0.697
451	0.1341
452	0.4058
453	0.3964
454	0.5202
455	0.6824
456	0.2095
457	0.4376
458	0.08633
459	0.1301
460	0.5905
461	0.05005
462	0.1997
463	0.2321
464	0.4436
465	0.3549
466	0.2264
467	0.4061
468	0.1083
469	0.04782
470	0.4588
471	0.2725
472	0.3002
473	0.1803
474	0.642
475	0.5157
476	0.3136
477	0.173
478	0.3278
479	0.2208
480	0.3325
481	0.1247
482	0.381
483	0.006428
484	0.3592
485	0.4527
486	0.08621
487	0.4129
488	0.33
489	0.1837
490	0.2915
491	0.1071
492	0.1678
493	0.4732
494	0.2501
495	0.1673
496	0.1523
497	0.4237
498	0.1946
499	0.4298
500	0.1872
251	0.2533
252	0.1923
253	0.1427
254	0.03772
255	0.2611
256	0.0338
257	0.441
258	0.35
259	0.2258
260	0.05623
261	0.6068
262	0.09542
263	0.2412
264	0.1384
265	0.05162
266	0.2299
267	0.3501
268	0.2191
269	0.05765
270	0.0958
271	0.1957
272	0.2574
273	0.1535
274	0.08546
275	0.2188
276	0.1361
277	0.1974
278	0.03328
279	0.2587
280	0.2917
281	0.2524
282	0.3027
283	0.07836
284	0.2055
285	0.3591
286	0.2324
287	0.08324
288	0.1133
289	0.2408
290	0.1665
291	0.08766
292	0.1005
293	0.03274
294	0.1289
295	0.1582
296	0.3394
297	0.2154
298	0.3878
299	0.1114
300	0.06254
301	0.4078
302	0.00326
303	0.2304
304	0.2141
305	0.1918
306	0.3116
307	0.04783
308	0.07077
309	0.1105
310	0.2296
311	0.3174
312	0.249
313	0.2531
314	0.3329
315	0.08366
316	0.1813
317	0.4064
318	0.1226
319	0.1022
320	0.04929
321	0.1493
322	0.01554
323	0.2224
324	0.3556
325	0.03451
326	0.3245
327	0.1749
328	0.03817
329	0.1882
330	0.1449
331	0.3973
332	0.08109
333	0.3483
334	0.08986
335	0.08918
336	0.2962
337	0.15
338	0.1198
339	0.09665
340	0.1092
341	0.1821
342	0.08851
343	0.3194
344	0.2183
345	0.2865
346	0.1208
347	0.394
348	0.3178
349	0.111
350	0.4304
351	0.116
352	0.1793
353	0.1368
354	0.233
355	0.2693
356	0.09457
357	0.1433
358	0.1123
359	0.09285
360	0.1318
361	0.3098
362	0.1601
363	0.1591
364	0.2026
365	0.2893
366	0.1499
367	0.08636
368	0.4001
369	0.3284
370	0.1893
371	0.1274
372	0.008612
373	0.6171
374	0.09368
375	0.06514
376	0.4007
377	0.1365
378	0.1401
379	0.2052
380	0.5344
381	0.4984
382	0.3448
383	0.09764
384	0.02024
385	0.01158
386	0.1669
387	0.161
388	0.1036
389	0.4066
390	0.07134
391	0.1573
392	0.1691
393	0.2469
394	0.2292
395	0.1812
396	0.1311
397	0.07066
398	0.3584
399	0.1324
400	0.1471
401	0.1626
402	0.2316
403	0.2445
404	0.1823
405	0.09242
406	0.2411
407	0.03446
408	0.2114
409	0.2065
410	0.07352
411	0.4209
412	0.1609
413	0.1948
414	0.1648
415	0.3868
416	0.2642
417	0.1046
418	0.1236
419	0.06432
420	0.0751
421	0.04473
422	0.1216
423	0.1264
424	0.2742
425	0.09766
426	0.6769
427	0.1927
428	0.2433
429	0.337
430	0.1888
431	0.03849
432	0.1145
433	0.02636
434	0.1048
435	0.3647
436	0.1189
437	0.424
438	0.3947
439	0.126
440	0.1643
441	0.2307
442	0.1935
443	0.3353
444	0.2273
445	0.1885
446	0.3205
447	0.2902
448	0.455
449	0.3825
450	7.108E-4
451	0.03144
452	0.1888
453	0.1517
454	0.01306
455	0.1186
456	0.09748
457	0.3367
458	0.2548
459	0.2823
460	0.1242
461	0.2661
462	0.179
463	0.2879
464	0.1398
465	0.3533
466	0.1369
467	0.0808
468	0.302
469	0.2801
470	0.02236
471	0.3979
472	0.1507
473	0.1624
474	0.01716
475	0.3502
476	0.4737
477	0.1744
478	0.157
479	0.1857
480	0.1644
481	0.2546
482	0.246
483	0.006463
484	0.2025
485	0.07797
486	0.04541
487	0.03855
488	0.1195
489	0.2041
490	0.156
491	0.1278
492	0.157
493	0.009774
494	0.1064
495	0.1642
496	0.06726
497	0.2252
498	0.07927
499	0.1496
500	0.1947
251	0.08591
252	0.215
253	0.1737
254	0.1502
255	0.006729
256	0.2481
257	0.08863
258	0.01982
259	0.1072
260	0.04278
261	0.1627
262	0.2272
263	0.02706
264	0.2056
265	0.2025
266	0.08688
267	0.08077
268	0.05919
269	0.202
270	0.001943
271	0.002556
272	0.0242
273	0.3138
274	0.1167
275	0.1937
276	0.02757
277	0.01087
278	0.2386
279	0.01944
280	0.124
281	0.2197
282	0.04283
283	0.02537
284	0.03371
285	0.02455
286	0.1714
287	0.02783
288	0.2537
289	0.1789
290	0.08233
291	0.0695
292	0.06437
293	0.1366
294	0.131
295	7.197E-4
296	0.1566
297	0.1985
298	0.08595
299	0.086
300	0.2105
301	0.04134
302	0.1697
303	0.4286
304	0.008043
305	0.2428
306	0.3351
307	0.06488
308	0.08734
309	0.009543
310	0.02308
311	0.09521
312	0.007492
313	0.4656
314	0.1468
315	0.1401
316	0.1723
317	0.005882
318	0.2018
319	0.04697
320	0.05301
321	0.06098
322	0.1203
323	0.1193
324	0.4554
325	0.02269
326	0.1629
327	0.1178
328	0.1152
329	0.03429
330	0.02231
331	0.07276
332	0.1354
333	0.03091
334	0.1746
335	0.01154
336	0.1122
337	0.09189
338	0.1097
339	0.05602
340	0.09252
341	0.02692
342	0.06204
343	0.1172
344	0.09648
345	0.1858
346	0.2748
347	0.1332
348	0.05964
349	0.05129
350	0.1539
351	0.1031
352	0.1016
353	0.02178
354	0.09069
355	0.04544
356	0.2902
357	0.2232
358	0.2083
359	0.2751
360	0.3326
361	0.1922
362	0.1774
363	0.1819
364	0.251
365	0.02923
366	0.1479
367	0.3627
368	0.04292
369	0.01414
370	0.006909
371	0.0477
372	0.003471
373	0.1445
374	0.04063
375	0.1655
376	0.09549
377	0.1067
378	0.1172
379	0.2305
380	0.2237
381	0.07373
382	0.04005
383	0.03363
384	0.1794
385	0.003156
386	0.05341
387	0.0173
388	0.00173
389	0.1157
390	0.1153
391	0.05064
392	0.294
393	0.09784
394	0.1077
395	0.03593
396	0.1223
397	0.2618
398	0.1644
399	0.1939
400	0.03213
401	0.01242
402	0.1015
403	0.1465
404	0.1284
405	0.00599
406	0.1563
407	0.2685
408	0.2862
409	0.0341
410	0.2266
411	0.01161
412	0.1044
413	0.2807
414	0.04887
415	0.002277
416	0.2902
417	0.06803
418	0.01594
419	0.04369
420	0.07149
421	0.003712
422	0.04724
423	0.08665
424	0.02817
425	0.03921
426	0.08574
427	0.04324
428	0.1113
429	0.1906
430	0.1505
431	0.1158
432	0.0471
433	0.08522
434	0.04765
435	0.0111
436	0.1775
437	0.1405
438	0.1418
439	0.1748
440	0.1117
441	0.2214
442	0.1086
443	0.02079
444	0.1939
445	0.0451
446	0.116
447	0.165
448	0.1835
449	0.139
450	0.02538
451	0.2423
452	0.1073
453	0.08789
454	0.2249
455	0.0481
456	0.09528
457	0.1517
458	0.1055
459	0.108
460	0.08
461	0.05323
462	0.03543
463	0.07367
464	0.1166
465	0.05945
466	0.09377
467	0.04176
468	0.03278
469	0.2353
470	0.1025
471	0.1089
472	0.1292
473	0.005704
474	0.04902
475	0.09247
476	0.09141
477	0.04224
478	0.1271
479	0.2056
480	0.09795
481	0.1341
482	0.15
483	0.01537
484	0.1664
485	0.01869
486	0.03191
487	0.05473
488	0.1691
489	0.03852
490	0.1169
491	0.02836
492	0.01787
493	0.1081
494	0.1475
495	0.2303
496	0.06557
497	0.01733
498	0.01478
499	0.002438
500	0.04683
