251	304.7
252	281.5
253	308.6
254	287.7
255	290.9
256	290.5
257	294.4
258	294.5
259	298.2
260	316.9
261	287.3
262	279.5
263	283.2
264	294.8
265	321.0
266	298.1
267	315.6
268	286.1
269	297.5
270	252.3
271	289.5
272	305.6
273	274.3
274	305.9
275	311.9
276	312.1
277	276.7
278	297.5
279	298.4
280	310.4
281	313.8
282	281.5
283	274.3
284	299.2
285	295.7
286	300.0
287	285.0
288	298.7
289	307.1
290	287.0
291	280.1
292	305.1
293	309.7
294	305.1
295	288.8
296	300.4
297	287.5
298	318.6
299	282.7
300	296.8
301	286.1
302	304.6
303	277.4
304	293.0
305	299.1
306	308.2
307	294.7
308	309.6
309	292.2
310	304.7
311	288.2
312	306.9
313	300.8
314	282.9
315	280.7
316	273.8
317	296.2
318	288.0
319	304.0
320	313.4
321	312.6
322	299.1
323	296.3
324	307.2
325	276.4
326	263.9
327	288.2
328	274.6
329	292.1
330	270.6
331	306.4
332	290.9
333	286.6
334	314.6
335	301.3
336	297.8
337	273.0
338	272.6
339	282.4
340	298.1
341	272.2
342	305.6
343	307.5
344	293.1
345	299.1
346	310.4
347	294.5
348	289.9
349	291.3
350	273.8
351	303.7
352	307.2
353	292.0
354	271.4
355	292.7
356	302.9
357	316.9
358	302.8
359	289.1
360	284.9
361	295.2
362	281.1
363	285.1
364	310.2
365	278.2
366	293.8
367	307.3
368	276.6
369	267.7
370	289.7
371	287.9
372	293.8
373	292.9
374	260.8
375	285.9
376	309.2
377	282.1
378	295.3
379	305.9
380	300.0
381	294.0
382	302.7
383	288.5
384	302.7
385	305.7
386	313.2
387	291.3
388	281.8
389	279.2
390	274.8
391	282.8
392	318.0
393	281.2
394	274.6
395	318.3
396	307.1
397	313.1
398	316.9
399	291.0
400	282.4
401	277.9
402	286.1
403	286.8
404	293.1
405	306.7
406	293.4
407	294.0
408	276.8
409	301.5
410	298.8
411	275.5
412	306.1
413	291.3
414	317.5
415	283.9
416	293.2
417	284.8
418	287.9
419	295.2
420	287.1
421	300.6
422	299.8
423	316.3
424	268.5
425	276.6
426	293.9
427	303.8
428	284.7
429	296.4
430	298.2
431	295.1
432	297.0
433	285.2
434	316.5
435	301.3
436	307.8
437	296.9
438	289.0
439	287.1
440	291.6
441	290.6
442	305.1
443	309.0
444	291.9
445	299.3
446	277.9
447	289.9
448	314.9
449	303.8
450	258.6
451	297.1
452	285.6
453	291.9
454	288.1
455	259.0
456	293.8
457	310.1
458	300.3
459	313.9
460	303.7
461	310.0
462	307.9
463	307.4
464	289.9
465	316.7
466	284.9
467	290.7
468	296.0
469	290.6
470	291.8
471	298.4
472	320.0
473	309.3
474	287.5
475	280.6
476	285.0
477	295.5
478	287.5
479	276.3
480	297.6
481	297.4
482	294.6
483	295.2
484	273.0
485	279.8
486	291.3
487	313.2
488	272.2
489	286.6
490	318.7
491	283.1
492	274.1
493	270.4
494	290.9
495	293.1
496	300.9
497	267.1
498	301.6
499	283.3
500	307.2
251	0.6809
252	0.2705
253	0.84
254	0.2306
255	0.686
256	0.248
257	0.2141
258	0.5788
259	0.4276
260	0.1633
261	0.1471
262	0.3162
263	0.1666
264	0.2289
265	0.6318
266	0.02884
267	0.2698
268	0.0645
269	0.3999
270	0.6158
271	0.2235
272	0.3309
273	0.2686
274	0.1302
275	0.07936
276	0.1596
277	0.2758
278	0.1519
279	0.3517
280	0.3313
281	0.2873
282	0.1853
283	0.3579
284	0.4838
285	0.4038
286	0.3754
287	0.3609
288	0.1704
289	0.4149
290	0.2929
291	0.8498
292	0.2013
293	0.4335
294	0.09261
295	0.4196
296	0.4711
297	0.7925
298	0.3986
299	0.2362
300	0.369
301	0.3097
302	0.1167
303	0.5585
304	0.2705
305	0.1971
306	0.4567
307	0.5679
308	0.6125
309	0.2095
310	0.3222
311	0.3357
312	0.5534
313	0.4542
314	0.3382
315	0.4478
316	0.5149
317	0.07452
318	0.2168
319	0.1682
320	0.1692
321	0.2835
322	0.2569
323	0.578
324	0.2475
325	0.02738
326	0.754
327	0.2972
328	0.1263
329	0.1449
330	0.2913
331	0.246
332	0.3741
333	0.5329
334	0.3438
335	0.359
336	0.1614
337	0.4738
338	0.2006
339	0.2255
340	0.2707
341	0.03583
342	0.7051
343	0.4577
344	0.1681
345	0.1496
346	0.2479
347	0.7714
348	0.6544
349	0.1589
350	0.1567
351	0.4201
352	0.3973
353	0.4778
354	0.1541
355	0.03733
356	0.2501
357	0.1738
358	0.3741
359	0.331
360	0.2998
361	0.1907
362	0.3542
363	0.1889
364	0.3535
365	0.2725
366	0.1342
367	0.4994
368	0.54
369	0.5583
370	0.1509
371	0.3474
372	0.3787
373	0.4973
374	0.7872
375	0.03611
376	0.3462
377	0.1305
378	0.3006
379	0.4982
380	0.1284
381	0.1153
382	0.5034
383	0.2847
384	0.3209
385	0.2606
386	0.5727
387	0.2197
388	0.5402
389	0.2606
390	0.1976
391	0.6825
392	0.3386
393	0.5287
394	0.4505
395	0.1294
396	0.2222
397	0.129
398	0.4597
399	0.5075
400	0.2151
401	0.06526
402	0.1952
403	0.4221
404	0.4803
405	0.3977
406	0.4865
407	0.4451
408	0.2124
409	0.2591
410	0.4123
411	0.6058
412	0.3974
413	0.1246
414	0.4644
415	0.4086
416	0.3336
417	0.625
418	0.3156
419	0.193
420	0.5534
421	0.3208
422	0.05755
423	0.2903
424	0.4373
425	0.2922
426	0.2719
427	0.4646
428	0.173
429	0.3888
430	0.2021
431	0.1611
432	0.5861
433	0.18
434	0.3346
435	0.4609
436	0.2719
437	0.4633
438	0.1143
439	0.3979
440	0.3848
441	0.2156
442	0.1332
443	0.4847
444	0.03019
445	0.2491
446	0.3211
447	0.1461
448	0.5065
449	0.07026
450	0.6672
451	0.4012
452	0.09425
453	0.1725
454	0.4797
455	0.5016
456	0.4866
457	0.2073
458	0.3737
459	0.05596
460	0.09343
461	0.05887
462	0.3169
463	0.3239
464	0.3006
465	0.7197
466	0.1446
467	0.5153
468	0.1984
469	0.3437
470	0.371
471	0.6396
472	0.2084
473	0.1296
474	0.1988
475	0.185
476	0.5108
477	0.5289
478	0.3376
479	0.6012
480	0.571
481	0.515
482	0.3976
483	0.08672
484	0.2466
485	0.08266
486	0.3414
487	0.3476
488	0.5813
489	0.1894
490	0.0593
491	0.04639
492	0.1757
493	0.3549
494	0.1718
495	0.2975
496	0.08428
497	0.2751
498	0.06191
499	0.611
500	0.3097
251	0.05182
252	0.1279
253	0.01851
254	0.04182
255	0.1857
256	0.1535
257	0.6656
258	0.08872
259	0.3873
260	0.1257
261	0.07958
262	0.3147
263	0.3075
264	0.4129
265	0.05272
266	0.1517
267	0.5632
268	0.2402
269	0.3368
270	0.1608
271	0.3075
272	0.4853
273	0.2348
274	0.1136
275	0.2626
276	0.3499
277	0.2602
278	0.3163
279	0.5218
280	0.2227
281	0.1838
282	0.2735
283	0.1726
284	0.3892
285	0.1441
286	0.4273
287	0.3566
288	0.2187
289	0.2774
290	0.4856
291	0.06542
292	0.02689
293	0.1177
294	0.1423
295	0.302
296	0.2723
297	0.04847
298	0.1747
299	0.4395
300	0.4051
301	0.1034
302	0.5582
303	0.1043
304	0.4996
305	0.3125
306	0.08785
307	0.07971
308	0.2658
309	0.1299
310	0.3201
311	0.1569
312	0.2643
313	0.2264
314	0.3774
315	0.2321
316	0.1047
317	0.5671
318	0.3504
319	0.6667
320	0.4819
321	0.3577
322	0.1706
323	0.1514
324	0.1642
325	0.1704
326	0.2313
327	0.1272
328	0.3415
329	0.5117
330	0.2861
331	0.1585
332	0.2884
333	0.137
334	0.2213
335	0.05585
336	0.3386
337	0.1515
338	0.2708
339	0.4527
340	0.1859
341	0.5713
342	0.1385
343	0.05862
344	0.5937
345	0.3528
346	0.03848
347	0.1853
348	0.2073
349	0.2847
350	0.2053
351	0.4175
352	0.4895
353	0.27
354	0.8042
355	0.1453
356	0.3939
357	0.5455
358	0.2193
359	0.02218
360	0.1318
361	0.4027
362	0.2473
363	0.1019
364	0.4791
365	0.4033
366	0.5476
367	0.1712
368	0.3717
369	0.1744
370	0.2727
371	0.3607
372	0.1372
373	0.3257
374	0.09894
375	0.1827
376	0.02346
377	0.2603
378	0.3606
379	0.1862
380	0.2801
381	0.5556
382	0.2183
383	0.2508
384	0.5515
385	0.4284
386	0.1287
387	0.1007
388	0.1565
389	0.1816
390	0.0479
391	0.1699
392	0.2886
393	0.1295
394	0.1725
395	0.6605
396	0.2179
397	0.09971
398	0.1069
399	0.1751
400	0.5414
401	0.2781
402	0.3879
403	0.132
404	0.004795
405	0.2981
406	0.04395
407	0.3342
408	0.2556
409	0.004804
410	0.223
411	0.1252
412	0.4287
413	0.2979
414	0.2801
415	0.4026
416	0.5845
417	0.0675
418	0.1524
419	0.3549
420	0.214
421	0.2655
422	0.4643
423	0.2044
424	0.2544
425	0.2455
426	0.0898
427	0.2754
428	0.2427
429	0.3519
430	0.03775
431	0.3023
432	0.1217
433	0.1417
434	0.4631
435	0.04638
436	0.3337
437	0.1027
438	0.1072
439	0.1486
440	0.08498
441	0.4523
442	0.2418
443	0.2856
444	0.336
445	0.456
446	0.2719
447	0.433
448	0.1134
449	0.7136
450	0.2272
451	0.4589
452	0.1411
453	0.4239
454	0.2983
455	0.1795
456	0.1632
457	0.2333
458	0.05119
459	0.5954
460	0.3848
461	0.3886
462	0.3864
463	0.2638
464	0.2931
465	0.1896
466	0.1319
467	0.2338
468	0.2016
469	0.1887
470	0.255
471	0.1709
472	0.5065
473	0.1335
474	0.1957
475	0.5496
476	0.3692
477	0.07918
478	0.1309
479	0.2417
480	0.2821
481	0.4767
482	0.04181
483	0.4353
484	0.408
485	0.4814
486	0.5005
487	0.08623
488	0.1377
489	0.2123
490	0.5325
491	0.4323
492	0.2545
493	0.192
494	0.5037
495	0.1452
496	0.244
497	0.1114
498	0.2308
499	0.06892
500	0.06916
251	0.1721
252	0.2095
253	0.01041
254	0.3263
255	0.07211
256	0.5051
257	0.1171
258	0.1695
259	0.06328
260	0.5312
261	0.1642
262	0.01957
263	0.2686
264	0.3452
265	0.3111
266	0.6422
267	0.06699
268	0.006371
269	0.193
270	0.01936
271	0.08454
272	0.1036
273	0.04542
274	0.4598
275	0.5787
276	0.1718
277	0.05377
278	0.452
279	0.09153
280	0.2269
281	0.4362
282	0.007771
283	0.0156
284	0.1128
285	0.2901
286	0.1359
287	0.2016
288	0.5485
289	0.1033
290	0.08546
291	0.04247
292	0.5541
293	0.3311
294	0.2297
295	0.1578
296	0.1398
297	0.04068
298	0.2694
299	0.04215
300	0.2222
301	0.3917
302	0.06317
303	0.2693
304	0.09891
305	0.2413
306	0.2073
307	0.1135
308	0.09334
309	0.1081
310	0.1224
311	0.2731
312	0.05116
313	0.1026
314	0.1219
315	0.07018
316	0.07597
317	0.01402
318	0.2011
319	0.1264
320	0.2835
321	0.2362
322	0.2063
323	0.001016
324	0.2742
325	0.3517
326	0.01166
327	0.02312
328	0.2482
329	0.01121
330	0.2303
331	0.5926
332	0.219
333	0.2576
334	0.3231
335	0.0789
336	0.1949
337	0.0285
338	0.1561
339	0.2263
340	0.2329
341	0.1429
342	0.1437
343	0.1757
344	0.07187
345	0.08212
346	0.6494
347	0.01914
348	0.04107
349	0.07353
350	0.3294
351	0.0832
352	0.1059
353	0.0924
354	0.01895
355	0.1855
356	0.1562
357	0.1668
358	0.255
359	0.04123
360	0.3077
361	0.2709
362	0.3631
363	0.2579
364	0.05174
365	0.2302
366	0.116
367	0.2034
368	0.03382
369	0.09413
370	0.1963
371	0.03313
372	0.0759
373	0.1539
374	0.05892
375	0.09384
376	0.2311
377	0.5799
378	0.2042
379	0.2933
380	0.5357
381	0.1224
382	0.2122
383	0.1242
384	0.08004
385	0.2102
386	0.2676
387	0.5457
388	0.1191
389	0.01165
390	0.0636
391	0.09804
392	0.2068
393	0.3313
394	0.1176
395	0.184
396	0.02265
397	0.6846
398	0.377
399	0.09188
400	0.05243
401	0.198
402	0.2326
403	0.2887
404	0.1415
405	0.2597
406	0.1547
407	0.06411
408	0.1313
409	0.2232
410	0.03839
411	0.09178
412	0.009011
413	0.3081
414	0.1539
415	0.02322
416	0.03663
417	0.2182
418	0.4751
419	0.3701
420	0.08443
421	0.04622
422	0.2746
423	0.06723
424	0.2072
425	0.1523
426	0.3737
427	0.2149
428	0.363
429	0.23
430	0.3338
431	0.2991
432	0.09748
433	0.03937
434	0.164
435	0.4387
436	0.2038
437	0.3009
438	0.7544
439	0.2878
440	0.3954
441	0.1466
442	0.5591
443	0.1422
444	0.5848
445	0.07165
446	0.1067
447	0.3233
448	0.328
449	0.1211
450	0.02205
451	0.1048
452	0.04588
453	0.3621
454	0.1204
455	0.01774
456	0.05668
457	0.2002
458	0.01732
459	0.0468
460	0.2642
461	0.2082
462	0.288
463	0.1508
464	0.2486
465	0.06081
466	0.4803
467	0.007672
468	0.1615
469	0.02915
470	0.1949
471	0.1802
472	0.1288
473	0.1062
474	0.04466
475	0.1178
476	0.09522
477	0.07088
478	0.06705
479	0.0495
480	0.1333
481	0.005591
482	0.1754
483	0.0819
484	0.1828
485	0.1422
486	0.1382
487	0.1756
488	0.1629
489	0.5891
490	0.1226
491	0.3102
492	0.3385
493	0.05402
494	0.3072
495	0.02143
496	0.07777
497	0.3286
498	0.1454
499	0.2181
500	0.2734
251	0.09517
252	0.392
253	0.1311
254	0.4013
255	0.05623
256	0.09331
257	0.003183
258	0.163
259	0.1218
260	0.1798
261	0.6092
262	0.3495
263	0.2573
264	0.01299
265	0.00445
266	0.1772
267	0.1001
268	0.6889
269	0.07026
270	0.2041
271	0.3844
272	0.08017
273	0.4512
274	0.2964
275	0.07937
276	0.3187
277	0.4102
278	0.07973
279	0.03502
280	0.2191
281	0.09276
282	0.5334
283	0.4539
284	0.01413
285	0.162
286	0.0615
287	0.0809
288	0.06237
289	0.2044
290	0.1361
291	0.04235
292	0.2177
293	0.1178
294	0.5353
295	0.1206
296	0.1168
297	0.1184
298	0.1573
299	0.2822
300	0.00364
301	0.1952
302	0.2619
303	0.0679
304	0.131
305	0.2491
306	0.2481
307	0.2389
308	0.02833
309	0.5525
310	0.2353
311	0.2343
312	0.1311
313	0.2168
314	0.1625
315	0.25
316	0.3045
317	0.3443
318	0.2317
319	0.03857
320	0.06542
321	0.1225
322	0.3663
323	0.2696
324	0.3141
325	0.4506
326	0.003111
327	0.5525
328	0.2841
329	0.3322
330	0.1922
331	0.00296
332	0.1185
333	0.07253
334	0.1119
335	0.5062
336	0.305
337	0.3463
338	0.3725
339	0.09556
340	0.3104
341	0.25
342	0.01273
343	0.308
344	0.1664
345	0.4155
346	0.06418
347	0.02422
348	0.09721
349	0.4828
350	0.3086
351	0.07924
352	0.007234
353	0.1598
354	0.02271
355	0.6319
356	0.1999
357	0.1139
358	0.1517
359	0.6056
360	0.2606
361	0.1357
362	0.03538
363	0.4514
364	0.1156
365	0.09407
366	0.2022
367	0.126
368	0.05453
369	0.1732
370	0.38
371	0.2587
372	0.4081
373	0.02317
374	0.05495
375	0.6873
376	0.3992
377	0.02942
378	0.1346
379	0.02231
380	0.0557
381	0.2067
382	0.06602
383	0.3404
384	0.04761
385	0.1008
386	0.03101
387	0.1339
388	0.1842
389	0.5462
390	0.6909
391	0.04957
392	0.1661
393	0.01053
394	0.2594
395	0.02606
396	0.5373
397	0.08669
398	0.05631
399	0.2255
400	0.191
401	0.4586
402	0.1843
403	0.1572
404	0.3734
405	0.0444
406	0.3149
407	0.1566
408	0.4007
409	0.5129
410	0.3263
411	0.1773
412	0.165
413	0.2694
414	0.1016
415	0.1656
416	0.04529
417	0.08935
418	0.05696
419	0.08187
420	0.1482
421	0.3675
422	0.2036
423	0.438
424	0.1011
425	0.3101
426	0.2646
427	0.04506
428	0.2213
429	0.02926
430	0.4264
431	0.2376
432	0.1947
433	0.6389
434	0.03834
435	0.05409
436	0.1906
437	0.1331
438	0.02415
439	0.1656
440	0.1349
441	0.1855
442	0.06585
443	0.08755
444	0.04899
445	0.2232
446	0.3003
447	0.09759
448	0.0521
449	0.09512
450	0.08358
451	0.03509
452	0.7187
453	0.04145
454	0.1017
455	0.3012
456	0.2936
457	0.3593
458	0.5578
459	0.3019
460	0.2575
461	0.3444
462	0.008717
463	0.2614
464	0.1577
465	0.02989
466	0.2432
467	0.2433
468	0.4385
469	0.4385
470	0.179
471	0.009403
472	0.1563
473	0.6307
474	0.5608
475	0.1475
476	0.02471
477	0.3211
478	0.4644
479	0.1075
480	0.01366
481	0.002692
482	0.3852
483	0.3961
484	0.1626
485	0.2937
486	0.01991
487	0.3905
488	0.118
489	0.009205
490	0.2856
491	0.2112
492	0.2312
493	0.3991
494	0.01733
495	0.5358
496	0.594
497	0.2849
498	0.5619
499	0.102
500	0.3478
251	0.02173
252	0.4297
253	0.05991
254	0.04233
255	0.1923
256	0.2
257	0.4269
258	0.5753
259	0.03876
260	0.02093
261	0.3854
262	0.4161
263	0.3746
264	0.004584
265	0.03084
266	0.5267
267	0.4637
268	0.01738
269	0.1575
270	0.5284
271	0.3529
272	0.4077
273	0.3185
274	0.2099
275	0.09589
276	0.1242
277	0.3991
278	0.2646
279	0.06949
280	0.08031
281	0.02917
282	0.4575
283	0.3985
284	0.1425
285	0.3636
286	0.6905
287	0.4718
288	0.1901
289	0.3227
290	0.2795
291	0.1617
292	0.3024
293	0.2584
294	0.1018
295	0.09346
296	0.5139
297	0.7164
298	0.09182
299	0.1668
300	0.3837
301	0.3038
302	0.3635
303	0.4229
304	0.05183
305	0.3059
306	0.2505
307	0.1872
308	0.3422
309	0.08781
310	0.1093
311	0.5388
312	0.0543
313	0.3347
314	0.2585
315	0.4025
316	0.3399
317	0.03197
318	0.1902
319	0.3203
320	0.05154
321	0.3111
322	0.1058
323	0.2182
324	0.08312
325	0.07588
326	0.2074
327	0.3749
328	0.3108
329	0.04934
330	0.133
331	0.1695
332	0.3569
333	0.5066
334	0.5366
335	0.4772
336	0.1389
337	0.3306
338	0.1606
339	0.6079
340	0.08393
341	0.1085
342	0.1886
343	0.1539
344	0.136
345	0.007314
346	0.1712
347	0.5452
348	0.05674
349	0.161
350	0.4883
351	0.1684
352	0.01475
353	0.2143
354	0.5428
355	0.02142
356	0.1917
357	0.12
358	0.1922
359	0.003911
360	0.2851
361	0.2423
362	0.1685
363	0.527
364	0.2668
365	0.4561
366	0.01418
367	0.28
368	0.4965
369	0.474
370	0.1168
371	0.03185
372	0.2038
373	0.2622
374	0.2203
375	0.5916
376	0.3618
377	0.0181
378	0.2624
379	0.323
380	0.272
381	0.352
382	0.1211
383	0.4079
384	0.07902
385	0.1395
386	0.1064
387	0.1433
388	0.4274
389	0.04849
390	0.2616
391	0.282
392	0.2413
393	0.2818
394	0.4945
395	0.171
396	0.07848
397	0.4331
398	0.1728
399	0.0721
400	0.4673
401	0.2365
402	0.1854
403	0.3439
404	0.3005
405	0.4324
406	0.3123
407	0.397
408	0.02827
409	0.6035
410	0.3022
411	0.3715
412	0.09154
413	0.2847
414	0.3645
415	0.3635
416	0.197
417	0.642
418	0.1921
419	0.6166
420	0.1385
421	0.365
422	0.1709
423	0.3872
424	0.4337
425	0.3578
426	0.09854
427	0.549
428	0.243
429	0.2059
430	0.2829
431	0.4912
432	0.4845
433	0.1717
434	0.08039
435	0.1624
436	0.0571
437	0.4921
438	0.1085
439	0.06755
440	0.18
441	0.05004
442	0.3713
443	0.1536
444	0.04596
445	0.2902
446	0.1757
447	0.2114
448	0.2126
449	0.03369
450	0.2168
451	0.3768
452	0.3888
453	0.04326
454	0.1191
455	0.376
456	0.08681
457	0.01206
458	0.4079
459	0.273
460	0.203
461	0.07823
462	0.09392
463	0.6684
464	0.1246
465	0.4314
466	0.254
467	0.5615
468	0.08179
469	0.2071
470	0.01524
471	0.3613
472	0.2172
473	0.3087
474	0.1581
475	0.4811
476	0.05474
477	0.1755
478	0.2015
479	0.0456
480	0.7304
481	0.01066
482	0.3411
483	0.2968
484	0.1345
485	0.1279
486	0.4502
487	0.2638
488	0.5884
489	0.1735
490	0.2335
491	0.234
492	0.1633
493	0.2166
494	0.07733
495	0.5664
496	0.1291
497	0.2017
498	0.06399
499	0.6593
500	0.4845
251	0.1248
252	0.2472
253	0.5229
254	0.01321
255	0.1014
256	0.1196
257	0.3831
258	0.08517
259	0.07455
260	0.1588
261	0.1823
262	0.3507
263	0.1606
264	0.2714
265	0.05438
266	0.05498
267	0.09644
268	0.5031
269	0.1619
270	0.2292
271	0.08306
272	0.09748
273	0.07016
274	0.1238
275	0.5875
276	0.08021
277	0.2577
278	0.16
279	0.3968
280	0.09888
281	0.04711
282	0.2304
283	0.1827
284	0.2389
285	0.1617
286	0.1237
287	0.2229
288	0.03393
289	0.1169
290	0.2008
291	0.07767
292	0.2705
293	0.3033
294	0.4741
295	0.1272
296	0.2339
297	0.06821
298	0.04083
299	0.2392
300	0.001194
301	0.09926
302	0.2747
303	0.3006
304	0.7069
305	0.1674
306	0.1849
307	0.1425
308	0.4051
309	0.06958
310	0.1167
311	0.1651
312	0.0867
313	0.129
314	0.2299
315	0.1985
316	0.1159
317	0.5238
318	0.5067
319	0.02519
320	0.06066
321	0.009895
322	0.2822
323	0.2575
324	0.4745
325	0.1421
326	0.628
327	0.2043
328	0.2864
329	0.5032
330	0.3836
331	0.05003
332	0.1892
333	0.2311
334	0.0277
335	0.1686
336	0.21
337	0.03828
338	0.6473
339	0.3128
340	0.07986
341	0.4006
342	0.01982
343	0.09829
344	0.05066
345	0.2134
346	0.691
347	0.2075
348	0.137
349	0.3672
350	0.1293
351	0.1337
352	0.08562
353	0.1967
354	0.309
355	0.2821
356	0.4564
357	0.2751
358	0.5749
359	0.1491
360	0.04461
361	0.0394
362	0.05983
363	0.1845
364	0.4935
365	0.3112
366	0.4541
367	0.03286
368	0.006548
369	0.09968
370	0.5444
371	0.01311
372	0.1214
373	0.448
374	0.1161
375	0.2424
376	0.3643
377	0.6246
378	0.2879
379	0.2514
380	0.2697
381	0.4142
382	0.3861
383	0.296
384	0.6387
385	0.04981
386	0.02374
387	0.1086
388	0.3137
389	0.3335
390	0.1895
391	0.04143
392	0.2867
393	0.0479
394	0.2963
395	0.1288
396	0.2047
397	0.2059
398	0.2478
399	0.3624
400	0.1985
401	0.4513
402	0.5686
403	0.08977
404	0.2231
405	0.1923
406	0.2761
407	0.391
408	0.2193
409	0.2916
410	0.1925
411	0.2554
412	0.2367
413	0.05977
414	0.02427
415	0.2672
416	0.3327
417	0.07917
418	0.1865
419	0.2632
420	0.04162
421	0.4084
422	0.05415
423	0.2532
424	0.242
425	0.0798
426	0.1345
427	0.02429
428	0.2737
429	0.2923
430	0.2887
431	0.06294
432	0.03987
433	0.3047
434	0.2631
435	0.02551
436	0.003942
437	0.02332
438	0.01522
439	0.1228
440	0.2078
441	0.3853
442	0.3616
443	0.4648
444	0.3052
445	0.2686
446	0.0228
447	0.006765
448	0.2091
449	0.05335
450	0.1497
451	0.01956
452	0.2546
453	0.2465
454	0.4141
455	0.52
456	0.2956
457	0.2542
458	0.3697
459	0.1208
460	0.5086
461	0.1901
462	0.3189
463	0.09329
464	0.184
465	0.164
466	0.1648
467	0.2692
468	0.1571
469	0.265
470	0.1837
471	0.01924
472	0.07457
473	0.2064
474	0.604
475	0.219
476	0.0259
477	0.1951
478	0.05895
479	0.2694
480	0.1284
481	0.09877
482	0.2846
483	0.09457
484	0.2115
485	0.6434
486	0.08598
487	0.1523
488	0.05078
489	0.2851
490	0.3091
491	0.2379
492	0.0712
493	0.482
494	0.3948
495	0.1141
496	0.05176
497	0.08833
498	0.1313
499	0.02673
500	0.1669
251	0.5279
252	0.05531
253	0.1648
254	0.03229
255	0.5404
256	0.6263
257	0.1042
258	0.2312
259	0.4779
260	0.7314
261	0.1266
262	0.09197
263	0.4596
264	0.1214
265	0.637
266	0.2653
267	0.267
268	0.1012
269	0.1715
270	0.1183
271	0.007216
272	0.2457
273	0.3535
274	0.6055
275	0.07802
276	0.347
277	0.1533
278	0.4027
279	0.2199
280	0.3597
281	0.2536
282	0.1268
283	0.2115
284	0.4345
285	0.1032
286	0.04909
287	0.1511
288	0.4179
289	0.287
290	0.3051
291	0.2328
292	0.2024
293	0.3128
294	0.1592
295	0.1019
296	0.1896
297	0.06226
298	0.5877
299	0.06915
300	0.3101
301	0.5717
302	0.0809
303	0.1753
304	0.167
305	0.4348
306	0.02106
307	0.541
308	0.0563
309	0.6576
310	0.1803
311	0.176
312	0.0799
313	0.4736
314	0.07945
315	0.1973
316	0.1067
317	0.4131
318	0.08768
319	0.07565
320	0.4387
321	0.3338
322	0.2675
323	0.1862
324	0.07319
325	0.6746
326	0.05641
327	0.2601
328	0.4006
329	0.3088
330	0.2962
331	0.3302
332	0.01108
333	0.09961
334	0.1667
335	0.2521
336	0.05056
337	0.2114
338	0.05944
339	0.03645
340	0.7701
341	0.1428
342	0.2526
343	0.3994
344	0.1178
345	0.1909
346	0.1332
347	0.08514
348	0.07305
349	0.3844
350	0.02321
351	0.05076
352	0.6785
353	0.5185
354	0.01993
355	0.4378
356	0.3231
357	0.3846
358	0.2004
359	0.2962
360	0.2812
361	0.4017
362	0.3276
363	0.2811
364	0.004928
365	0.112
366	0.379
367	0.663
368	0.0626
369	0.07545
370	0.137
371	0.6047
372	0.6025
373	0.2097
374	0.2794
375	0.1011
376	0.13
377	0.3161
378	0.01719
379	0.1293
380	0.3583
381	0.1778
382	0.218
383	0.03698
384	0.149
385	0.03959
386	0.6934
387	0.225
388	0.1575
389	0.3073
390	0.2336
391	0.297
392	0.2747
393	0.4421
394	0.1221
395	0.2207
396	0.3211
397	0.1263
398	0.527
399	0.5586
400	0.2255
401	0.2566
402	0.04996
403	0.001167
404	0.03132
405	0.05626
406	0.2505
407	0.146
408	0.6229
409	0.07096
410	0.2257
411	0.08228
412	0.04416
413	0.2956
414	0.04168
415	0.2813
416	0.3021
417	0.2105
418	0.5056
419	0.02857
420	0.561
421	0.2015
422	0.478
423	0.3554
424	0.1839
425	0.1855
426	0.5675
427	0.05253
428	0.2428
429	0.168
430	0.05576
431	0.338
432	0.3841
433	0.32
434	0.383
435	0.7857
436	0.0825
437	0.4144
438	0.2101
439	0.2366
440	0.6062
441	0.3768
442	0.01998
443	0.05001
444	0.3222
445	0.4341
446	0.3264
447	0.07366
448	0.152
449	0.7339
450	0.1044
451	0.3742
452	0.2336
453	0.5941
454	0.07353
455	0.05948
456	0.1486
457	0.01456
458	0.1497
459	0.3249
460	0.1926
461	0.6693
462	0.1624
463	0.1364
464	0.2628
465	0.2845
466	0.3185
467	0.009737
468	0.3007
469	0.09043
470	0.214
471	0.3341
472	0.7044
473	0.3674
474	0.07814
475	0.18
476	0.4839
477	0.5011
478	0.7066
479	0.2327
480	0.1084
481	0.1366
482	0.3633
483	0.2858
484	0.1629
485	0.1943
486	0.319
487	0.02913
488	0.3169
489	0.2441
490	0.2061
491	0.4128
492	0.09198
493	0.03798
494	0.5218
495	0.2843
496	0.6977
497	0.06459
498	0.536
499	0.02627
500	0.2471
251	0.3255
252	0.2678
253	0.2525
254	0.9122
255	0.1659
256	0.05411
257	0.08575
258	0.1083
259	0.4088
260	0.08887
261	0.3056
262	0.1412
263	0.005151
264	0.6026
265	0.2777
266	0.1531
267	0.1729
268	0.3783
269	0.5091
270	0.1241
271	0.5568
272	0.2491
273	0.2578
274	0.06079
275	0.2386
276	0.4486
277	0.1898
278	0.1727
279	0.3138
280	0.4611
281	0.6701
282	0.1854
283	0.2074
284	0.1841
285	0.3715
286	0.1368
287	0.1543
288	0.3581
289	0.2734
290	0.2146
291	0.5279
292	0.2247
293	0.1255
294	0.2649
295	0.6775
296	0.06267
297	0.1532
298	0.2796
299	0.5249
300	0.305
301	0.02528
302	0.2809
303	0.1012
304	0.07423
305	0.09192
306	0.5435
307	0.1293
308	0.1964
309	0.185
310	0.5937
311	0.1201
312	0.7791
313	0.06268
314	0.4321
315	0.2017
316	0.4375
317	0.0312
318	0.2155
319	0.5789
320	0.4491
321	0.3452
322	0.3445
323	0.338
324	0.3692
325	0.1074
326	0.1082
327	0.1607
328	0.002265
329	0.1386
330	0.1872
331	0.4503
332	0.4428
333	0.1628
334	0.269
335	0.102
336	0.6005
337	0.4197
338	0.1326
339	0.04284
340	0.06613
341	0.3481
342	0.5389
343	0.3483
344	0.6956
345	0.5884
346	0.004572
347	0.1622
348	0.7332
349	0.08742
350	0.3592
351	0.6471
352	0.2212
353	0.07049
354	0.1283
355	0.2586
356	0.02875
357	0.2204
358	0.03245
359	0.5508
360	0.3891
361	0.3166
362	0.4441
363	0.007393
364	0.2348
365	0.1207
366	0.1528
367	0.02414
368	0.4344
369	0.3508
370	0.2018
371	0.3504
372	0.0722
373	0.08008
374	0.3842
375	0.06488
376	0.1438
377	0.04118
378	0.4326
379	0.2963
380	0.09997
381	0.05596
382	0.2748
383	0.2591
384	0.1333
385	0.7711
386	0.1764
387	0.5231
388	0.1014
389	0.3107
390	0.3153
391	0.3796
392	0.1972
393	0.2282
394	0.08709
395	0.4795
396	0.3957
397	0.2348
398	0.05243
399	0.006823
400	0.1087
401	0.05558
402	0.1961
403	0.5652
404	0.4451
405	0.3191
406	0.1611
407	0.06608
408	0.1295
409	0.03395
410	0.2796
411	0.2908
412	0.6276
413	0.36
414	0.5695
415	0.08811
416	0.1682
417	0.06837
418	0.1158
419	0.09159
420	0.2589
421	0.02506
422	0.2969
423	0.004152
424	0.1404
425	0.377
426	0.1995
427	0.3741
428	0.2405
429	0.3338
430	0.3726
431	0.1079
432	0.09152
433	0.2036
434	0.2735
435	0.02636
436	0.8565
437	0.07018
438	0.6661
439	0.5731
440	0.006072
441	0.1879
442	0.2471
443	0.3317
444	0.3267
445	0.007111
446	0.4751
447	0.7082
448	0.4263
449	0.1791
450	0.5291
451	0.2294
452	0.123
453	0.1162
454	0.3933
455	0.04448
456	0.469
457	0.7192
458	0.07274
459	0.2813
460	0.09568
461	0.06238
462	0.4248
463	0.1019
464	0.4285
465	0.1201
466	0.2627
467	0.1596
468	0.4604
469	0.4375
470	0.587
471	0.2854
472	0.003882
473	0.1175
474	0.1597
475	0.1199
476	0.4354
477	0.1283
478	0.03301
479	0.4523
480	0.03281
481	0.7539
482	0.01096
483	0.3227
484	0.491
485	0.03442
486	0.1448
487	0.5548
488	0.04395
489	0.2973
490	0.2514
491	0.1152
492	0.6736
493	0.2634
494	0.006105
495	0.0352
496	0.1214
497	0.6454
498	0.2686
499	0.2878
500	0.1015
251	0.2313
252	0.01516
253	0.0234
254	0.1508
255	0.2507
256	0.002484
257	0.1297
258	0.2779
259	0.001062
260	0.09289
261	0.31
262	0.2038
263	0.00716
264	0.1737
265	0.2722
266	0.1919
267	0.2726
268	0.1416
269	0.008291
270	0.04428
271	0.1179
272	0.0525
273	0.2301
274	0.625
275	0.005576
276	0.2282
277	0.2387
278	0.2752
279	0.1292
280	0.03572
281	0.08575
282	0.0656
283	0.2038
284	0.03962
285	0.32
286	0.2217
287	0.07111
288	0.2289
289	0.3032
290	0.1133
291	0.145
292	0.1855
293	0.1604
294	0.2364
295	0.364
296	0.09263
297	0.1968
298	0.1469
299	0.1797
300	0.02458
301	0.06478
302	0.06065
303	0.4015
304	0.007026
305	0.1872
306	0.3706
307	0.2386
308	0.08903
309	0.1219
310	0.01176
311	0.04181
312	0.3992
313	0.2612
314	0.1344
315	0.2199
316	0.3027
317	0.05184
318	0.1053
319	0.1043
320	0.1896
321	0.02144
322	0.1515
323	0.1677
324	0.008397
325	0.003001
326	0.1079
327	0.01985
328	0.1709
329	0.3013
330	0.2436
331	7.586E-4
332	0.1264
333	0.07288
334	0.1238
335	0.4374
336	0.07524
337	0.1628
338	0.02057
339	0.2714
340	0.0175
341	0.09674
342	0.06199
343	0.03922
344	0.07265
345	0.08808
346	0.1713
347	0.0179
348	0.3429
349	0.008416
350	0.1093
351	0.1604
352	0.133
353	0.007883
354	0.2712
355	0.2003
356	0.09381
357	0.05794
358	0.2057
359	0.4154
360	0.09052
361	0.2907
362	0.06092
363	0.182
364	0.05124
365	0.08429
366	0.01491
367	0.01653
368	0.5766
369	0.167
370	0.067
371	0.08204
372	0.08687
373	0.059
374	0.3447
375	0.3092
376	0.1212
377	0.1367
378	0.03596
379	0.0859
380	0.04268
381	0.01473
382	0.4861
383	0.2801
384	0.1244
385	0.0448
386	0.2877
387	0.07617
388	0.3229
389	0.1327
390	0.2317
391	0.002801
392	0.2224
393	0.1553
394	0.01084
395	0.4169
396	0.1509
397	0.08278
398	0.5226
399	0.5148
400	0.2231
401	0.0537
402	0.1411
403	0.308
404	0.08034
405	0.2085
406	0.2816
407	0.09244
408	0.1598
409	0.02832
410	0.5184
411	0.3851
412	0.08853
413	0.1587
414	0.06109
415	0.24
416	0.1174
417	0.1406
418	0.008537
419	0.05916
420	0.06759
421	0.03102
422	0.05105
423	0.03848
424	0.2381
425	0.2349
426	0.0403
427	0.05544
428	0.1289
429	0.2067
430	0.2051
431	0.2714
432	0.2523
433	0.1519
434	0.471
435	0.05691
436	0.1135
437	0.587
438	0.04918
439	0.1257
440	0.1424
441	0.06626
442	0.0976
443	0.004714
444	0.01763
445	0.1502
446	0.004175
447	0.0286
448	0.09998
449	0.1361
450	0.06448
451	0.348
452	0.03167
453	0.1018
454	0.07544
455	0.04454
456	0.06429
457	0.1221
458	0.04302
459	0.2316
460	0.1207
461	0.1371
462	0.02381
463	0.1925
464	0.07562
465	0.03073
466	0.02826
467	0.04752
468	0.6063
469	0.4692
470	0.1696
471	0.2174
472	0.03243
473	0.09398
474	0.2477
475	0.1368
476	0.1117
477	0.1288
478	0.2587
479	0.153
480	0.1418
481	0.0165
482	0.5618
483	0.05777
484	0.2031
485	0.02069
486	0.2217
487	0.07112
488	0.02081
489	0.1515
490	0.001123
491	0.01611
492	0.1317
493	0.1297
494	0.1897
495	0.1368
496	0.03606
497	0.4148
498	0.0325
499	0.3485
500	0.112
251	0.4348
252	0.2311
253	0.1421
254	0.134
255	0.1007
256	0.6312
257	0.3412
258	0.4159
259	0.3434
260	0.09819
261	0.4203
262	0.4661
263	0.2656
264	0.3089
265	0.195
266	0.3217
267	0.2155
268	0.4049
269	0.4988
270	0.1998
271	0.6282
272	0.07793
273	0.3255
274	0.0764
275	0.2635
276	0.3704
277	0.2463
278	0.4712
279	0.4988
280	0.3464
281	0.4514
282	0.2662
283	0.1997
284	0.413
285	0.1609
286	0.3607
287	0.2097
288	0.2244
289	0.3621
290	0.08203
291	0.4162
292	0.003193
293	0.3245
294	0.5387
295	0.2279
296	0.2777
297	0.3409
298	0.04783
299	0.3537
300	0.3745
301	0.5568
302	0.1335
303	0.4262
304	0.4191
305	0.2734
306	0.3932
307	0.5452
308	0.03009
309	0.2056
310	0.3609
311	0.2715
312	0.1569
313	0.2068
314	0.4533
315	0.2769
316	0.278
317	0.394
318	0.6606
319	0.7655
320	0.3948
321	0.556
322	0.2431
323	0.4496
324	0.6091
325	0.2886
326	0.6278
327	0.5304
328	0.419
329	0.5727
330	0.4077
331	0.2737
332	0.8168
333	0.2458
334	0.0848
335	0.1963
336	0.4478
337	0.1378
338	0.7407
339	0.1384
340	0.5174
341	0.332
342	0.474
343	0.5726
344	0.4157
345	0.214
346	0.3013
347	0.06392
348	0.1264
349	0.3182
350	0.1351
351	0.1491
352	0.6595
353	0.5164
354	0.4353
355	0.3675
356	0.4083
357	0.1972
358	0.538
359	0.2026
360	0.3001
361	0.2858
362	0.4474
363	0.5649
364	0.1225
365	0.6576
366	0.3226
367	0.4226
368	0.1222
369	0.4364
370	0.4134
371	0.4426
372	0.5435
373	0.5689
374	0.2397
375	0.269
376	0.37
377	0.301
378	0.1424
379	0.1444
380	0.2757
381	0.6116
382	0.05175
383	0.1565
384	0.245
385	0.3636
386	0.3186
387	0.193
388	0.2941
389	0.5429
390	0.2806
391	0.3238
392	0.6979
393	0.3589
394	0.4548
395	0.1445
396	0.1613
397	0.2431
398	0.1424
399	0.08689
400	0.5765
401	0.405
402	0.1414
403	0.3347
404	0.2506
405	0.1858
406	0.1262
407	0.5409
408	0.3471
409	0.318
410	0.2311
411	0.3085
412	0.5323
413	0.04882
414	0.1189
415	0.4006
416	0.05437
417	0.2335
418	0.2349
419	0.7104
420	0.306
421	0.5975
422	0.8376
423	0.692
424	0.4982
425	0.2343
426	0.5583
427	0.1319
428	0.1444
429	0.659
430	0.1765
431	0.03381
432	0.3475
433	0.1886
434	0.09071
435	0.3204
436	0.1897
437	0.1313
438	0.2127
439	0.4095
440	0.2875
441	0.15
442	0.4749
443	0.1207
444	0.3967
445	0.1296
446	0.05204
447	0.823
448	0.3176
449	0.2826
450	0.5323
451	0.3356
452	0.3804
453	0.2605
454	0.6839
455	0.7892
456	0.1655
457	0.2265
458	0.2137
459	0.6862
460	0.2168
461	0.1323
462	0.4735
463	0.3716
464	0.6027
465	0.06222
466	0.3059
467	0.7929
468	0.1114
469	0.08268
470	0.1737
471	0.3302
472	0.2459
473	0.59
474	0.2693
475	0.6655
476	0.2035
477	0.2655
478	0.289
479	0.2939
480	0.5037
481	0.6958
482	0.1743
483	0.6282
484	0.3302
485	0.3757
486	0.3936
487	0.2639
488	0.2792
489	0.1544
490	0.6526
491	0.06057
492	0.2436
493	0.05044
494	0.07199
495	0.4035
496	0.2565
497	0.1759
498	0.5114
499	0.1175
500	0.3606
251	0.3004
252	0.3332
253	0.2153
254	0.2391
255	0.441
256	0.3514
257	0.2996
258	0.2139
259	0.5522
260	0.0883
261	0.09268
262	0.1277
263	0.6933
264	0.3735
265	0.3166
266	0.4442
267	0.5046
268	0.1666
269	0.3496
270	0.4232
271	0.149
272	0.6432
273	0.146
274	0.08819
275	0.3381
276	0.03886
277	0.4445
278	0.1229
279	0.3246
280	0.2018
281	0.2402
282	0.3343
283	0.09378
284	0.4855
285	0.4992
286	0.2593
287	0.6916
288	0.2921
289	0.1886
290	0.4519
291	0.2205
292	0.5185
293	0.1233
294	0.02698
295	0.3945
296	0.4276
297	0.3509
298	0.17
299	0.4129
300	0.3793
301	0.3774
302	0.2379
303	0.06443
304	0.03118
305	0.5208
306	0.03621
307	0.1489
308	0.08849
309	0.3142
310	0.193
311	0.6565
312	0.2342
313	0.4311
314	0.4025
315	0.4271
316	0.3322
317	0.2992
318	0.1934
319	0.08364
320	0.225
321	0.3598
322	0.3272
323	0.1128
324	0.1248
325	0.6705
326	0.2407
327	0.2609
328	0.3208
329	0.0471
330	0.1861
331	0.1069
332	0.008127
333	0.362
334	0.3581
335	0.2302
336	0.3647
337	0.389
338	0.1951
339	0.2752
340	0.3163
341	0.4472
342	0.294
343	0.1269
344	0.4802
345	0.6598
346	0.362
347	0.7011
348	0.1805
349	0.6616
350	0.2501
351	0.4612
352	0.1592
353	0.271
354	0.1733
355	0.2821
356	0.4255
357	0.5214
358	0.1346
359	0.3281
360	0.3256
361	0.008433
362	0.1661
363	0.2321
364	0.6405
365	0.1312
366	0.4946
367	0.4474
368	0.2124
369	0.363
370	0.4502
371	0.2055
372	0.254
373	0.1248
374	0.2301
375	0.238
376	0.4748
377	0.3759
378	0.09653
379	0.2119
380	0.1536
381	0.07488
382	0.41
383	0.5582
384	0.5897
385	0.1938
386	0.3338
387	0.1217
388	0.1823
389	0.2197
390	0.4305
391	0.5931
392	0.04443
393	0.2992
394	0.4032
395	0.2735
396	0.6362
397	0.6327
398	0.08648
399	0.2495
400	0.1063
401	0.5207
402	0.6173
403	0.2151
404	0.5248
405	0.01953
406	0.355
407	0.1194
408	0.4854
409	0.3797
410	0.1156
411	0.2109
412	0.235
413	0.3092
414	0.7224
415	0.2965
416	0.5029
417	0.5132
418	0.7172
419	0.04721
420	0.03053
421	0.0784
422	0.03688
423	0.1566
424	0.05065
425	0.3642
426	0.3714
427	0.4325
428	0.3669
429	0.08987
430	0.5041
431	0.3197
432	0.1194
433	0.4367
434	0.3849
435	0.5661
436	0.2029
437	0.2441
438	0.3988
439	0.3045
440	0.1035
441	0.5889
442	0.199
443	0.6891
444	0.2268
445	0.4564
446	0.5699
447	0.01672
448	0.1712
449	0.4792
450	0.263
451	0.1925
452	0.5549
453	0.6369
454	0.1127
455	0.1405
456	0.4848
457	0.1364
458	0.4415
459	0.04385
460	0.1739
461	0.6885
462	0.2748
463	0.1247
464	0.2259
465	0.4216
466	0.6645
467	0.1369
468	0.1527
469	0.317
470	0.2112
471	0.1005
472	0.1513
473	0.02094
474	0.4263
475	0.1292
476	0.6154
477	0.4726
478	0.08482
479	0.3615
480	0.1452
481	0.2207
482	0.2473
483	0.258
484	0.3206
485	0.3199
486	0.3329
487	0.06289
488	0.5992
489	0.2868
490	0.04275
491	0.3578
492	0.4273
493	0.6157
494	0.6362
495	0.2872
496	0.1995
497	0.3681
498	0.3542
499	0.3493
500	0.3855
251	0.0336
252	0.4206
253	0.6192
254	0.4761
255	0.2077
256	0.01493
257	0.2295
258	0.09235
259	0.1034
260	0.7206
261	0.177
262	0.2023
263	0.03387
264	0.1438
265	0.2162
266	0.04228
267	0.007307
268	0.2869
269	0.1433
270	0.3327
271	0.1049
272	0.2264
273	0.2985
274	0.2104
275	0.3928
276	0.3626
277	0.07048
278	0.1307
279	0.04738
280	0.4161
281	0.2226
282	0.3339
283	0.5027
284	0.06182
285	0.01979
286	0.1583
287	0.02763
288	0.2546
289	0.1461
290	0.3528
291	0.2184
292	0.2928
293	0.3918
294	0.1979
295	0.01356
296	0.202
297	0.1113
298	0.6353
299	0.05369
300	0.2216
301	0.001062
302	0.568
303	0.1079
304	0.5427
305	0.01865
306	0.2
307	0.06739
308	0.7924
309	0.3583
310	0.4343
311	0.03023
312	0.2098
313	0.1009
314	0.009867
315	0.07604
316	0.08712
317	0.2549
318	0.04066
319	0.04652
320	0.1906
321	0.06279
322	0.2782
323	0.2699
324	0.2577
325	0.03793
326	0.02363
327	0.1889
328	0.08932
329	0.07888
330	0.1625
331	0.6186
332	0.04869
333	0.3193
334	0.4332
335	0.136
336	0.1123
337	0.3104
338	0.04356
339	0.315
340	0.1488
341	0.1241
342	0.17
343	0.2613
344	0.0314
345	0.03818
346	0.1654
347	0.2171
348	0.3502
349	0.01173
350	0.5055
351	0.2293
352	0.0484
353	0.2047
354	0.1202
355	0.1501
356	0.07243
357	0.2234
358	0.1216
359	0.05383
360	0.2838
361	0.4151
362	0.3255
363	0.02095
364	0.1857
365	0.1269
366	0.1679
367	0.1134
368	0.08885
369	0.0336
370	0.06949
371	0.2699
372	0.1157
373	0.2473
374	0.1855
375	0.1838
376	0.034
377	0.1864
378	0.7251
379	0.5578
380	0.528
381	0.2987
382	0.05214
383	0.005175
384	0.04088
385	0.3978
386	0.0599
387	0.6091
388	0.2007
389	0.1047
390	0.05717
391	0.08034
392	0.03526
393	0.1867
394	0.1312
395	0.1651
396	0.05155
397	0.04146
398	0.2485
399	0.1488
400	0.09415
401	0.02058
402	0.1002
403	0.1422
404	0.1442
405	0.5862
406	0.2373
407	0.2472
408	0.007683
409	0.2741
410	0.1349
411	0.09555
412	0.1441
413	0.4833
414	0.09761
415	0.06293
416	0.3254
417	0.1127
418	0.03932
419	0.1832
420	0.5958
421	0.2931
422	0.07449
423	0.1129
424	0.213
425	0.1666
426	0.03001
427	0.3802
428	0.3598
429	0.04441
430	0.1143
431	0.3752
432	0.2808
433	0.2228
434	0.05345
435	0.05655
436	0.4938
437	0.03757
438	0.3394
439	0.1602
440	0.4666
441	0.1948
442	0.2285
443	0.1856
444	0.3588
445	0.2638
446	0.3738
447	0.1317
448	0.4112
449	0.102
450	0.1402
451	0.1239
452	0.03309
453	7.837E-4
454	0.128
455	0.02574
456	0.2854
457	0.5149
458	0.3018
459	0.03832
460	0.4887
461	0.04214
462	0.2278
463	0.3112
464	0.09573
465	0.4855
466	0.001389
467	0.02267
468	0.1297
469	0.1311
470	0.4454
471	0.3519
472	0.5704
473	0.295
474	0.05666
475	0.06845
476	0.06946
477	0.1331
478	0.3675
479	0.1917
480	0.2092
481	0.06696
482	0.01661
483	0.05608
484	0.146
485	0.2837
486	0.05181
487	0.6021
488	0.1008
489	0.4073
490	0.3036
491	0.5655
492	0.1974
493	0.2043
494	0.1021
495	0.1725
496	0.508
497	0.04119
498	0.1019
499	0.1846
500	0.142
251	0.2712
252	0.2306
253	0.4224
254	0.4511
255	0.6608
256	0.3029
257	0.249
258	0.2934
259	0.3767
260	0.3112
261	0.2493
262	0.2726
263	0.1737
264	0.4881
265	0.2218
266	0.09066
267	0.6884
268	0.3779
269	0.1965
270	0.6407
271	0.08002
272	0.286
273	0.3211
274	0.3495
275	0.02955
276	0.01203
277	0.3997
278	0.07318
279	0.02684
280	0.513
281	0.4993
282	0.28
283	0.1078
284	0.05188
285	0.6198
286	0.09483
287	0.1836
288	0.219
289	0.5423
290	0.2663
291	0.4251
292	0.0102
293	0.4665
294	0.3729
295	0.2416
296	0.5262
297	0.6391
298	0.5396
299	0.3882
300	0.3766
301	0.3921
302	0.3257
303	0.04057
304	0.3922
305	0.02892
306	0.09596
307	0.09694
308	0.05924
309	0.1199
310	0.4259
311	0.5042
312	0.03563
313	0.2059
314	0.05682
315	0.2389
316	0.285
317	0.2051
318	0.0159
319	0.09186
320	0.167
321	0.1419
322	0.3523
323	0.5405
324	0.5372
325	0.1034
326	0.4976
327	0.3913
328	0.2573
329	0.4533
330	0.2123
331	0.1023
332	0.447
333	0.2536
334	0.78
335	0.02706
336	0.1209
337	0.2048
338	0.6352
339	0.05343
340	0.1462
341	0.1065
342	0.3058
343	0.8553
344	0.5742
345	0.01509
346	0.3266
347	0.2959
348	0.3887
349	0.7071
350	0.5225
351	0.4488
352	0.1489
353	0.6123
354	0.134
355	0.2036
356	0.3862
357	0.04831
358	0.5987
359	0.7412
360	0.3663
361	0.09194
362	0.4788
363	0.0433
364	0.3555
365	0.6753
366	0.2946
367	0.2028
368	0.01912
369	0.3788
370	0.3327
371	0.397
372	0.06573
373	0.2806
374	0.1633
375	0.3584
376	0.4876
377	0.6205
378	0.3444
379	0.2549
380	0.3155
381	0.02006
382	0.2349
383	0.09443
384	0.4322
385	0.1275
386	0.2212
387	0.1634
388	0.1992
389	0.2269
390	0.008924
391	0.0517
392	0.3793
393	0.3722
394	0.1208
395	0.3025
396	0.2069
397	0.3356
398	0.339
399	0.1799
400	0.1093
401	0.2337
402	0.2278
403	0.5532
404	0.2997
405	0.2739
406	0.26
407	0.4498
408	0.1594
409	0.06827
410	0.3325
411	0.2487
412	0.6165
413	0.04088
414	0.5665
415	0.2242
416	0.2782
417	0.1818
418	0.5413
419	0.1576
420	0.3008
421	0.01844
422	0.1216
423	0.4076
424	0.2855
425	0.3342
426	0.09485
427	0.6425
428	0.2351
429	0.4781
430	0.1717
431	0.2111
432	0.3836
433	0.1067
434	0.3603
435	0.6648
436	0.3201
437	0.102
438	0.2831
439	0.2997
440	0.4865
441	0.0949
442	0.467
443	0.218
444	0.189
445	0.3413
446	0.4278
447	0.1757
448	0.2536
449	0.4199
450	0.283
451	0.2968
452	0.1585
453	0.813
454	0.0168
455	0.2561
456	0.2655
457	0.3048
458	0.2433
459	0.1443
460	0.4112
461	0.09732
462	0.7145
463	0.06644
464	0.131
465	0.6925
466	0.48
467	0.8091
468	0.1549
469	0.6259
470	0.1022
471	0.5697
472	0.02628
473	0.2327
474	0.1386
475	0.01813
476	0.09931
477	0.04908
478	0.6144
479	0.1894
480	0.2337
481	0.02293
482	0.3534
483	0.7878
484	0.1186
485	0.2267
486	0.03311
487	0.1506
488	0.5663
489	0.1999
490	0.2587
491	0.4133
492	0.3614
493	0.1293
494	0.07991
495	0.5548
496	0.08697
497	0.4187
498	0.1352
499	0.2726
500	0.295
251	0.3227
252	0.09999
253	0.4081
254	0.04674
255	0.05834
256	0.3741
257	0.03615
258	0.4342
259	0.2733
260	0.06857
261	0.1779
262	0.2489
263	0.3399
264	0.3055
265	0.1741
266	0.5493
267	0.01585
268	0.07987
269	0.5117
270	0.02132
271	0.2482
272	0.5269
273	0.07344
274	0.3461
275	0.7562
276	0.4621
277	0.1978
278	0.4044
279	0.449
280	0.05115
281	0.03477
282	0.1141
283	0.07886
284	0.7043
285	0.1745
286	0.0491
287	0.01131
288	0.1193
289	0.1274
290	0.09689
291	0.03426
292	0.2883
293	0.08755
294	0.3026
295	0.3093
296	0.04859
297	0.03655
298	0.0942
299	0.3292
300	0.09052
301	0.1929
302	0.3934
303	0.7074
304	0.06983
305	0.1469
306	0.1325
307	0.3098
308	0.2471
309	0.3967
310	0.216
311	0.2328
312	0.3854
313	0.2275
314	0.4539
315	0.277
316	0.06217
317	0.607
318	0.2957
319	0.3273
320	0.0328
321	0.3022
322	0.07425
323	0.007432
324	0.2982
325	0.07244
326	0.1428
327	0.2288
328	0.1396
329	0.07129
330	0.3072
331	0.4925
332	0.2803
333	0.08712
334	0.07806
335	0.2724
336	0.5695
337	0.1101
338	0.3035
339	0.4609
340	0.3786
341	0.1234
342	0.1354
343	0.07221
344	0.07675
345	0.4314
346	0.09723
347	0.08844
348	0.0411
349	0.1119
350	0.08588
351	0.4247
352	0.1407
353	0.02483
354	0.001436
355	0.2748
356	0.1912
357	0.7374
358	0.2434
359	0.008857
360	0.1012
361	0.2368
362	0.04476
363	0.5673
364	0.2027
365	0.26
366	0.1082
367	0.422
368	0.5128
369	0.02634
370	0.05887
371	0.3065
372	0.5914
373	0.03519
374	0.2404
375	0.165
376	0.04917
377	0.02544
378	0.374
379	0.4828
380	0.002727
381	0.4371
382	0.1595
383	0.1383
384	0.02847
385	0.03581
386	0.2652
387	0.04589
388	0.03355
389	0.364
390	0.03738
391	0.02006
392	0.3785
393	0.1204
394	0.5094
395	0.1174
396	0.008717
397	0.01632
398	0.3331
399	0.2901
400	0.3792
401	0.5629
402	0.5055
403	0.04077
404	0.1047
405	0.4928
406	0.2218
407	0.2013
408	0.05263
409	0.1073
410	0.2875
411	0.0842
412	0.3105
413	0.1937
414	0.07219
415	0.3994
416	0.2106
417	0.02391
418	0.0692
419	0.07935
420	0.4086
421	0.03177
422	0.3754
423	0.1187
424	0.3851
425	0.05286
426	0.2393
427	0.1189
428	0.329
429	0.2119
430	0.1579
431	0.64
432	0.05169
433	0.2641
434	0.006527
435	0.05737
436	0.5095
437	0.361
438	0.02173
439	0.02021
440	0.0296
441	0.3335
442	0.105
443	0.1365
444	0.3978
445	0.02315
446	0.1801
447	0.2466
448	0.3971
449	0.3396
450	0.2072
451	0.1136
452	0.0208
453	0.1084
454	0.3208
455	0.1665
456	0.03926
457	0.2364
458	0.256
459	0.3711
460	0.1865
461	0.2016
462	0.008154
463	0.06322
464	0.04203
465	0.02346
466	0.08506
467	0.03924
468	0.2479
469	0.1056
470	0.08893
471	0.03759
472	0.189
473	0.3818
474	0.2429
475	0.06881
476	0.09015
477	0.4603
478	0.006699
479	0.1709
480	0.2377
481	0.1726
482	0.04115
483	0.1072
484	0.3937
485	0.4325
486	0.2119
487	0.1649
488	0.1377
489	0.2761
490	0.579
491	0.1846
492	0.1221
493	0.07588
494	0.01335
495	0.3735
496	0.1285
497	0.04901
498	0.289
499	0.06139
500	0.1018
251	0.1977
252	0.2657
253	0.1022
254	0.02695
255	0.2765
256	0.09858
257	0.2928
258	0.107
259	0.01627
260	0.466
261	0.3909
262	0.1761
263	0.3185
264	0.07834
265	0.5614
266	0.344
267	0.0205
268	0.1054
269	0.03039
270	0.1149
271	0.05213
272	0.1814
273	0.09201
274	0.0843
275	0.06945
276	0.1997
277	0.05351
278	0.09706
279	0.1603
280	0.3925
281	0.3796
282	0.1518
283	0.3522
284	0.07674
285	0.05889
286	0.707
287	0.07168
288	0.2757
289	0.2997
290	0.2946
291	0.1839
292	0.6679
293	0.0494
294	0.1054
295	0.2849
296	0.05235
297	0.1984
298	0.0214
299	0.2653
300	0.009125
301	0.3986
302	0.09024
303	0.004332
304	0.07329
305	0.1029
306	0.04613
307	0.09027
308	0.1424
309	0.4179
310	0.2174
311	0.04347
312	0.01323
313	0.07834
314	0.2776
315	0.4832
316	0.6087
317	0.03272
318	0.2831
319	0.05781
320	0.2303
321	0.1739
322	0.3509
323	0.1111
324	0.0296
325	0.1086
326	0.05617
327	0.002773
328	0.001065
329	0.09274
330	0.3976
331	0.1548
332	0.2327
333	0.2585
334	0.05622
335	0.06311
336	0.2445
337	0.1794
338	0.04448
339	0.03787
340	0.1066
341	0.002146
342	0.4006
343	0.02451
344	0.07896
345	0.5431
346	0.1615
347	0.191
348	0.2264
349	0.1033
350	0.3511
351	0.03475
352	0.3802
353	0.03658
354	0.09973
355	0.08055
356	0.05182
357	0.1824
358	0.00606
359	0.06653
360	0.3293
361	0.1277
362	0.08469
363	0.05633
364	0.3359
365	0.03843
366	0.193
367	0.2413
368	0.1019
369	0.3539
370	0.3576
371	0.2283
372	0.2017
373	0.1855
374	0.02497
375	0.1122
376	0.3022
377	0.05459
378	0.2005
379	0.002429
380	0.1667
381	0.08311
382	0.143
383	0.1703
384	0.1323
385	0.05308
386	0.4645
387	0.305
388	0.1538
389	0.284
390	0.003492
391	0.4096
392	0.07834
393	0.1651
394	0.2251
395	0.07144
396	0.3092
397	0.3002
398	0.02733
399	0.05326
400	0.2134
401	0.07788
402	0.2125
403	0.142
404	0.172
405	0.1764
406	0.3977
407	0.07929
408	0.06992
409	0.07696
410	0.08111
411	0.04621
412	0.06493
413	0.3114
414	0.2017
415	0.03058
416	0.09784
417	0.1115
418	0.2617
419	0.3237
420	0.2363
421	0.1478
422	0.4398
423	0.226
424	0.1069
425	0.08129
426	0.1352
427	0.1002
428	0.2385
429	0.1657
430	0.2229
431	0.0436
432	0.2134
433	0.2139
434	0.3611
435	0.1789
436	0.07043
437	0.1928
438	0.1587
439	0.1641
440	0.1561
441	0.233
442	0.1279
443	0.1439
444	0.2514
445	0.185
446	0.1061
447	0.2158
448	0.03183
449	0.04242
450	0.1008
451	0.2773
452	0.008383
453	0.04265
454	0.1705
455	0.09396
456	0.2644
457	0.05519
458	0.04752
459	0.1872
460	0.2347
461	0.2347
462	0.1974
463	0.01312
464	0.5337
465	0.008227
466	0.1285
467	0.005139
468	0.1177
469	0.07936
470	0.2105
471	0.1023
472	0.1206
473	0.01689
474	0.2051
475	0.006639
476	0.1567
477	0.3349
478	0.317
479	0.5086
480	0.05338
481	0.3806
482	0.03979
483	0.08995
484	0.2226
485	0.09073
486	0.5474
487	0.02391
488	0.07118
489	0.2025
490	0.08004
491	0.2753
492	0.05559
493	0.05403
494	0.5419
495	0.0505
496	0.72
497	0.27
498	0.01319
499	0.1969
500	0.1914
251	0.2084
252	0.4037
253	0.06727
254	0.4752
255	0.004425
256	0.2244
257	0.422
258	0.1653
259	0.3337
260	0.1542
261	0.182
262	0.3024
263	0.1679
264	0.1281
265	0.04269
266	0.01602
267	0.2752
268	0.4368
269	0.2614
270	0.2231
271	0.6197
272	0.005681
273	0.5135
274	0.2201
275	0.1448
276	0.3262
277	0.349
278	0.4253
279	0.3639
280	0.04336
281	0.08637
282	0.4541
283	0.4611
284	0.167
285	0.1467
286	0.149
287	0.7334
288	0.386
289	0.03066
290	0.3422
291	0.3567
292	0.03362
293	0.3965
294	0.2191
295	0.1641
296	0.3728
297	0.126
298	0.3448
299	0.01736
300	0.5238
301	0.01644
302	0.1907
303	0.2477
304	0.4647
305	0.7213
306	0.7254
307	0.503
308	0.5513
309	0.06548
310	0.1407
311	0.2195
312	0.5657
313	0.4882
314	0.2117
315	9.139E-4
316	0.04407
317	0.1552
318	0.4053
319	0.5231
320	0.5699
321	0.382
322	0.2225
323	0.341
324	0.135
325	0.7156
326	0.3034
327	0.3771
328	0.602
329	0.3827
330	0.08281
331	0.2505
332	0.03996
333	0.4007
334	0.0857
335	0.6374
336	0.0651
337	0.5057
338	0.01685
339	0.4478
340	0.3686
341	0.768
342	0.1582
343	0.04801
344	0.2701
345	0.01039
346	0.4146
347	0.4246
348	0.3438
349	0.07769
350	0.04051
351	0.09166
352	0.3302
353	0.3263
354	0.7648
355	0.4411
356	0.3708
357	0.03191
358	0.1519
359	0.1834
360	0.2032
361	0.5435
362	0.3917
363	0.3331
364	0.1059
365	0.02622
366	0.4041
367	0.1338
368	0.3661
369	0.241
370	0.2508
371	0.06819
372	0.1412
373	0.4987
374	0.5713
375	0.3645
376	0.161
377	0.2995
378	0.08107
379	0.2599
380	0.5151
381	0.4597
382	0.4626
383	0.597
384	0.407
385	0.7836
386	0.04917
387	0.4857
388	0.6135
389	0.1251
390	0.9502
391	0.5187
392	0.1639
393	0.3423
394	0.1448
395	0.5086
396	0.4752
397	0.3479
398	0.3006
399	0.4768
400	0.2982
401	0.1256
402	0.05418
403	0.264
404	0.4237
405	0.0569
406	0.1205
407	0.2697
408	0.718
409	0.7475
410	0.2989
411	0.6209
412	0.008045
413	0.454
414	0.1596
415	0.3458
416	0.4133
417	0.6828
418	0.1278
419	0.4394
420	0.05429
421	0.802
422	0.06326
423	0.2477
424	0.2226
425	0.5317
426	0.5307
427	0.1384
428	0.1975
429	0.1443
430	0.4475
431	0.1053
432	0.3513
433	0.4152
434	0.2721
435	0.09891
436	0.09995
437	0.3442
438	0.5365
439	0.516
440	0.3278
441	0.3386
442	0.3001
443	0.5015
444	0.1619
445	0.4505
446	0.286
447	0.362
448	0.3174
449	0.1981
450	0.4089
451	0.3124
452	0.8123
453	0.0359
454	0.4919
455	0.4834
456	0.4308
457	0.4036
458	0.4532
459	0.2975
460	0.1676
461	0.4664
462	0.07991
463	0.8572
464	0.2932
465	0.2758
466	0.3064
467	0.1465
468	0.4796
469	0.1892
470	0.5984
471	0.2904
472	0.664
473	0.3686
474	0.4133
475	0.9064
476	0.6538
477	0.1558
478	0.0619
479	0.1312
480	0.4752
481	0.4239
482	0.5656
483	0.01499
484	0.265
485	0.2501
486	0.2076
487	0.6606
488	0.2248
489	0.3215
490	0.08226
491	0.1267
492	0.4609
493	0.7408
494	0.3648
495	0.02116
496	0.06457
497	0.2623
498	0.5626
499	0.4691
500	0.4118
251	0.833
252	0.4947
253	0.8559
254	0.5733
255	0.6792
256	0.5845
257	0.41
258	0.5735
259	0.7898
260	0.5943
261	0.3067
262	0.4915
263	0.4174
264	0.5771
265	0.8197
266	0.07949
267	0.3636
268	0.3176
269	0.7548
270	0.5858
271	0.4973
272	0.5343
273	0.4748
274	0.2719
275	0.5832
276	0.5665
277	0.4343
278	0.4092
279	0.8266
280	0.6513
281	0.6411
282	0.3702
283	0.5636
284	0.8371
285	0.4921
286	0.4694
287	0.5464
288	0.4516
289	0.5268
290	0.5552
291	0.7919
292	0.5014
293	0.6025
294	0.3131
295	0.6793
296	0.5337
297	0.5829
298	0.6469
299	0.5117
300	0.5582
301	0.5378
302	0.2955
303	0.6343
304	0.6827
305	0.4878
306	0.6537
307	0.7619
308	0.7463
309	0.6675
310	0.6626
311	0.4527
312	0.8029
313	0.6151
314	0.6564
315	0.5863
316	0.619
317	0.4816
318	0.6336
319	0.4458
320	0.5955
321	0.5908
322	0.5896
323	0.6688
324	0.5817
325	0.2979
326	0.7472
327	0.5059
328	0.3248
329	0.4044
330	0.6175
331	0.69
332	0.5376
333	0.6141
334	0.4102
335	0.503
336	0.5767
337	0.6481
338	0.4509
339	0.3693
340	0.7656
341	0.2543
342	0.791
343	0.6036
344	0.4226
345	0.8355
346	0.5413
347	0.6872
348	0.7559
349	0.3799
350	0.2804
351	0.6398
352	0.8362
353	0.6457
354	0.2925
355	0.2505
356	0.5367
357	0.6676
358	0.5573
359	0.5321
360	0.5387
361	0.4679
362	0.6178
363	0.3713
364	0.6006
365	0.3946
366	0.6137
367	0.7193
368	0.5762
369	0.5992
370	0.488
371	0.7191
372	0.73
373	0.6971
374	0.7685
375	0.07239
376	0.5097
377	0.3968
378	0.5705
379	0.6688
380	0.3628
381	0.3842
382	0.6765
383	0.4889
384	0.6424
385	0.6979
386	0.7604
387	0.6255
388	0.6108
389	0.6954
390	0.5085
391	0.8153
392	0.5554
393	0.6597
394	0.6166
395	0.3278
396	0.6332
397	0.2865
398	0.6037
399	0.7076
400	0.4045
401	0.2556
402	0.5136
403	0.5216
404	0.6619
405	0.5415
406	0.6253
407	0.5713
408	0.6934
409	0.4429
410	0.5312
411	0.6377
412	0.6415
413	0.3933
414	0.5779
415	0.5784
416	0.6283
417	0.6088
418	0.5748
419	0.3475
420	0.7742
421	0.6221
422	0.3091
423	0.4876
424	0.557
425	0.4764
426	0.766
427	0.5086
428	0.4488
429	0.5865
430	0.4617
431	0.3055
432	0.5936
433	0.5446
434	0.5743
435	0.6379
436	0.665
437	0.5255
438	0.4542
439	0.7396
440	0.6088
441	0.7675
442	0.2896
443	0.7854
444	0.288
445	0.4818
446	0.6211
447	0.4824
448	0.7224
449	0.3107
450	0.7736
451	0.5344
452	0.2803
453	0.4079
454	0.8531
455	0.6559
456	0.7945
457	0.6477
458	0.5756
459	0.1954
460	0.2849
461	0.376
462	0.5779
463	0.4481
464	0.7251
465	0.6448
466	0.3627
467	0.5101
468	0.4618
469	0.4767
470	0.8308
471	0.6289
472	0.6284
473	0.3545
474	0.5309
475	0.3985
476	0.8644
477	0.8
478	0.5142
479	0.8472
480	0.5543
481	0.9714
482	0.4989
483	0.1942
484	0.6254
485	0.3966
486	0.5417
487	0.6498
488	0.5687
489	0.5204
490	0.2461
491	0.1714
492	0.4617
493	0.6723
494	0.6182
495	0.3948
496	0.4693
497	0.4708
498	0.4558
499	0.5575
500	0.4738
251	0.01329
252	0.3929
253	0.03052
254	0.05262
255	0.0952
256	0.2356
257	0.4087
258	0.285
259	0.03579
260	0.03809
261	0.4018
262	0.3234
263	0.4693
264	0.005779
265	0.02001
266	0.7258
267	0.3125
268	0.0428
269	0.1486
270	0.2513
271	0.3926
272	0.3291
273	0.2815
274	0.2192
275	0.3523
276	0.2204
277	0.3143
278	0.3562
279	0.08168
280	0.07896
281	0.03255
282	0.4571
283	0.3137
284	0.1233
285	0.2216
286	0.4317
287	0.3572
288	0.2518
289	0.2049
290	0.2649
291	0.07533
292	0.3767
293	0.1796
294	0.172
295	0.07565
296	0.2911
297	0.2634
298	0.07451
299	0.1807
300	0.2901
301	0.2638
302	0.46
303	0.2401
304	0.06541
305	0.3785
306	0.1793
307	0.1256
308	0.2085
309	0.1399
310	0.1124
311	0.3632
312	0.03939
313	0.2267
314	0.2509
315	0.2635
316	0.2043
317	0.1033
318	0.2779
319	0.4243
320	0.09069
321	0.3241
322	0.1214
323	0.1263
324	0.09769
325	0.4128
326	0.1028
327	0.3191
328	0.3998
329	0.06888
330	0.1409
331	0.2377
332	0.2564
333	0.2919
334	0.3202
335	0.3343
336	0.2482
337	0.2262
338	0.1806
339	0.4977
340	0.1187
341	0.3852
342	0.1058
343	0.1015
344	0.1709
345	0.02043
346	0.1869
347	0.2429
348	0.03277
349	0.1924
350	0.437
351	0.1283
352	0.01552
353	0.1448
354	0.5152
355	0.07189
356	0.2057
357	0.2304
358	0.1432
359	0.003143
360	0.2561
361	0.2973
362	0.1469
363	0.518
364	0.2266
365	0.3303
366	0.03241
367	0.2017
368	0.2649
369	0.2544
370	0.1889
371	0.03296
372	0.1964
373	0.1838
374	0.1075
375	0.593
376	0.2663
377	0.02752
378	0.249
379	0.2168
380	0.3842
381	0.5868
382	0.08135
383	0.3503
384	0.07909
385	0.1867
386	0.07065
387	0.204
388	0.2416
389	0.0647
390	0.3367
391	0.1684
392	0.1979
393	0.1758
394	0.3384
395	0.2166
396	0.1118
397	0.4811
398	0.1135
399	0.05026
400	0.4393
401	0.4631
402	0.2438
403	0.2124
404	0.2071
405	0.2943
406	0.2007
407	0.2548
408	0.04613
409	0.5158
410	0.1947
411	0.1955
412	0.0739
413	0.4493
414	0.2268
415	0.2573
416	0.1855
417	0.3127
418	0.1749
419	0.555
420	0.09691
421	0.354
422	0.4591
423	0.3251
424	0.2762
425	0.2916
426	0.1388
427	0.3005
428	0.3152
429	0.1553
430	0.3231
431	0.4657
432	0.2453
433	0.2597
434	0.069
435	0.1124
436	0.06984
437	0.2791
438	0.2157
439	0.06277
440	0.1424
441	0.08907
442	0.4035
443	0.1244
444	0.2192
445	0.2806
446	0.17
447	0.349
448	0.1516
449	0.07451
450	0.1257
451	0.2509
452	0.5782
453	0.05115
454	0.1059
455	0.2458
456	0.07088
457	0.01884
458	0.3142
459	0.4765
460	0.3096
461	0.2498
462	0.08562
463	0.4623
464	0.1503
465	0.1932
466	0.3186
467	0.2779
468	0.0952
469	0.1436
470	0.01706
471	0.1776
472	0.3274
473	0.4221
474	0.2112
475	0.5181
476	0.04632
477	0.1328
478	0.1534
479	0.03213
480	0.3545
481	0.01005
482	0.214
483	0.3324
484	0.1706
485	0.3067
486	0.3572
487	0.2465
488	0.2878
489	0.2383
490	0.4844
491	0.4321
492	0.2144
493	0.2051
494	0.1392
495	0.3758
496	0.3594
497	0.1726
498	0.2356
499	0.3008
500	0.3706
251	0.07074
252	0.00693
253	0.005961
254	0.09374
255	0.06204
256	0.001464
257	0.0621
258	0.06883
259	4.902E-4
260	0.08451
261	0.1616
262	0.0792
263	0.004485
264	0.1095
265	0.08831
266	0.1322
267	0.09187
268	0.1743
269	0.003912
270	0.01053
271	0.06559
272	0.02119
273	0.1017
274	0.3263
275	0.01024
276	0.2025
277	0.09399
278	0.1853
279	0.07594
280	0.01756
281	0.04784
282	0.03278
283	0.08024
284	0.01714
285	0.0975
286	0.06931
287	0.02692
288	0.1516
289	0.09623
290	0.05368
291	0.03377
292	0.1155
293	0.05574
294	0.1998
295	0.1473
296	0.02623
297	0.03619
298	0.05959
299	0.09733
300	0.009294
301	0.02812
302	0.03838
303	0.114
304	0.004433
305	0.1158
306	0.1326
307	0.08001
308	0.02712
309	0.09709
310	0.006047
311	0.01409
312	0.1448
313	0.08845
314	0.06521
315	0.072
316	0.09098
317	0.08376
318	0.07694
319	0.06912
320	0.1668
321	0.01117
322	0.0869
323	0.04853
324	0.004935
325	0.008162
326	0.02673
327	0.008448
328	0.1099
329	0.2103
330	0.1291
331	5.32E-4
332	0.04541
333	0.02099
334	0.03694
335	0.1532
336	0.06719
337	0.05567
338	0.01156
339	0.1111
340	0.01237
341	0.1716
342	0.01739
343	0.01293
344	0.04566
345	0.123
346	0.09351
347	0.003986
348	0.09904
349	0.00503
350	0.04889
351	0.06107
352	0.06995
353	0.002663
354	0.1287
355	0.3361
356	0.05034
357	0.05563
358	0.07662
359	0.1669
360	0.04066
361	0.1784
362	0.02656
363	0.08942
364	0.02176
365	0.03052
366	0.01705
367	0.005953
368	0.1538
369	0.0448
370	0.05416
371	0.04246
372	0.04186
373	0.02068
374	0.08413
375	0.155
376	0.04459
377	0.1039
378	0.01706
379	0.02883
380	0.03014
381	0.01228
382	0.1633
383	0.1203
384	0.06225
385	0.03
386	0.0955
387	0.05421
388	0.09128
389	0.08853
390	0.1491
391	8.364E-4
392	0.09119
393	0.04844
394	0.003708
395	0.264
396	0.1075
397	0.04598
398	0.1715
399	0.1794
400	0.1049
401	0.05258
402	0.09282
403	0.09513
404	0.02768
405	0.07097
406	0.09048
407	0.02966
408	0.1304
409	0.0121
410	0.167
411	0.1014
412	0.03573
413	0.1252
414	0.01901
415	0.08493
416	0.05525
417	0.03424
418	0.003887
419	0.02662
420	0.02364
421	0.01504
422	0.06856
423	0.01615
424	0.07583
425	0.09574
426	0.02839
427	0.01517
428	0.08358
429	0.07796
430	0.1171
431	0.1287
432	0.06389
433	0.1149
434	0.2021
435	0.01969
436	0.06941
437	0.1665
438	0.04886
439	0.05842
440	0.05631
441	0.05897
442	0.05304
443	0.001909
444	0.04204
445	0.07261
446	0.002019
447	0.02361
448	0.03565
449	0.1505
450	0.01869
451	0.1159
452	0.02355
453	0.06021
454	0.03354
455	0.01456
456	0.02624
457	0.09537
458	0.01657
459	0.2022
460	0.09199
461	0.2188
462	0.01085
463	0.06656
464	0.0456
465	0.006882
466	0.01772
467	0.01176
468	0.3529
469	0.1627
470	0.09495
471	0.05345
472	0.02444
473	0.06426
474	0.1654
475	0.07365
476	0.04725
477	0.0487
478	0.09849
479	0.0539
480	0.03442
481	0.007779
482	0.1762
483	0.03234
484	0.1288
485	0.02482
486	0.08793
487	0.03324
488	0.005088
489	0.104
490	0.001165
491	0.01488
492	0.0865
493	0.06139
494	0.1707
495	0.04539
496	0.0502
497	0.1775
498	0.05982
499	0.0795
500	0.04282
251	0.08294
252	0.1054
253	0.1076
254	0.2804
255	0.1636
256	0.1785
257	0.1192
258	0.07269
259	0.1739
260	0.2831
261	0.13
262	0.1059
263	0.1088
264	0.3077
265	0.07195
266	0.06246
267	0.232
268	0.4653
269	0.09273
270	0.1524
271	0.04451
272	0.1154
273	0.1419
274	0.1825
275	0.05429
276	0.01067
277	0.1574
278	0.04927
279	0.01577
280	0.2521
281	0.2785
282	0.1399
283	0.04245
284	0.02244
285	0.1888
286	0.02964
287	0.06949
288	0.145
289	0.1721
290	0.1262
291	0.09904
292	0.006354
293	0.1621
294	0.3151
295	0.09778
296	0.149
297	0.1175
298	0.219
299	0.2103
300	0.1424
301	0.1702
302	0.2061
303	0.01152
304	0.2474
305	0.01789
306	0.03434
307	0.03251
308	0.01804
309	0.09548
310	0.2189
311	0.17
312	0.01292
313	0.06973
314	0.02757
315	0.0782
316	0.08568
317	0.3314
318	0.01161
319	0.06085
320	0.147
321	0.0739
322	0.2021
323	0.1564
324	0.3157
325	0.2812
326	0.1233
327	0.1665
328	0.1655
329	0.3164
330	0.1125
331	0.07172
332	0.1606
333	0.07306
334	0.2327
335	0.009478
336	0.108
337	0.07004
338	0.357
339	0.02187
340	0.1034
341	0.1889
342	0.08577
343	0.282
344	0.3608
345	0.02108
346	0.1783
347	0.06591
348	0.1123
349	0.4226
350	0.2337
351	0.1709
352	0.07832
353	0.2069
354	0.06359
355	0.3415
356	0.2072
357	0.04639
358	0.223
359	0.2978
360	0.1645
361	0.05641
362	0.2088
363	0.02128
364	0.151
365	0.2445
366	0.3368
367	0.07304
368	0.005102
369	0.1016
370	0.269
371	0.2055
372	0.03167
373	0.09835
374	0.03986
375	0.1796
376	0.1794
377	0.4718
378	0.1634
379	0.08553
380	0.2228
381	0.01672
382	0.07889
383	0.04055
384	0.2163
385	0.08539
386	0.07342
387	0.1163
388	0.0563
389	0.1514
390	0.005743
391	0.01544
392	0.1555
393	0.1161
394	0.04132
395	0.1916
396	0.1474
397	0.1864
398	0.1113
399	0.0627
400	0.05137
401	0.2288
402	0.1498
403	0.1709
404	0.1033
405	0.09323
406	0.08354
407	0.1443
408	0.1301
409	0.02918
410	0.1071
411	0.06545
412	0.2488
413	0.03226
414	0.1763
415	0.07934
416	0.131
417	0.04428
418	0.2464
419	0.07092
420	0.1052
421	0.008939
422	0.1632
423	0.1711
424	0.09091
425	0.1362
426	0.06681
427	0.1758
428	0.1524
429	0.1803
430	0.09806
431	0.1001
432	0.09714
433	0.08072
434	0.1546
435	0.23
436	0.1957
437	0.02892
438	0.2812
439	0.1392
440	0.1924
441	0.08446
442	0.2538
443	0.08832
444	0.4508
445	0.165
446	0.2069
447	0.145
448	0.09043
449	0.4642
450	0.08204
451	0.09883
452	0.1179
453	0.4807
454	0.007468
455	0.08373
456	0.1084
457	0.2381
458	0.09368
459	0.1259
460	0.3135
461	0.1554
462	0.3257
463	0.02298
464	0.07901
465	0.1551
466	0.301
467	0.2002
468	0.09013
469	0.217
470	0.05721
471	0.14
472	0.01981
473	0.1591
474	0.09256
475	0.009762
476	0.04201
477	0.01856
478	0.2339
479	0.06672
480	0.05673
481	0.01081
482	0.1109
483	0.4411
484	0.07523
485	0.2719
486	0.01313
487	0.07039
488	0.1385
489	0.1373
490	0.2684
491	0.3816
492	0.2374
493	0.06124
494	0.0719
495	0.184
496	0.1211
497	0.1791
498	0.2489
499	0.06219
500	0.1128
251	0.1707
252	0.3827
253	0.04435
254	0.4467
255	0.6724
256	0.3304
257	0.6995
258	0.258
259	0.6692
260	0.5094
261	0.2485
262	0.4705
263	0.5703
264	0.588
265	0.3062
266	0.3822
267	0.8415
268	0.3919
269	0.5024
270	0.4862
271	0.5413
272	0.7082
273	0.6352
274	0.4041
275	0.3237
276	0.585
277	0.5203
278	0.5141
279	0.5452
280	0.5994
281	0.5588
282	0.5654
283	0.5174
284	0.4939
285	0.4667
286	0.7223
287	0.6815
288	0.68
289	0.6054
290	0.7699
291	0.3017
292	0.1144
293	0.316
294	0.2413
295	0.6041
296	0.5783
297	0.2739
298	0.7575
299	0.6022
300	0.7761
301	0.3038
302	0.6747
303	0.1938
304	0.5122
305	0.6235
306	0.2818
307	0.2186
308	0.4944
309	0.412
310	0.6124
311	0.4292
312	0.5963
313	0.5667
314	0.5248
315	0.494
316	0.4227
317	0.5255
318	0.4157
319	0.7
320	0.7783
321	0.6197
322	0.4362
323	0.3839
324	0.2613
325	0.5136
326	0.3134
327	0.3035
328	0.547
329	0.5536
330	0.4357
331	0.4226
332	0.4387
333	0.408
334	0.8022
335	0.217
336	0.4851
337	0.6513
338	0.3165
339	0.5965
340	0.4133
341	0.6452
342	0.4604
343	0.218
344	0.8
345	0.5682
346	0.07957
347	0.5664
348	0.6526
349	0.4944
350	0.6313
351	0.665
352	0.6684
353	0.5361
354	0.7531
355	0.3251
356	0.5102
357	0.5951
358	0.3123
359	0.1483
360	0.518
361	0.7282
362	0.6179
363	0.2135
364	0.5936
365	0.5116
366	0.6206
367	0.4293
368	0.6964
369	0.513
370	0.4114
371	0.6505
372	0.2849
373	0.4648
374	0.3572
375	0.443
376	0.07557
377	0.3978
378	0.5691
379	0.3973
380	0.5781
381	0.5421
382	0.4703
383	0.5308
384	0.5872
385	0.7745
386	0.4492
387	0.4689
388	0.396
389	0.3158
390	0.2156
391	0.6142
392	0.4116
393	0.4739
394	0.3071
395	0.8357
396	0.6006
397	0.3728
398	0.3058
399	0.3886
400	0.6156
401	0.3729
402	0.4652
403	0.4875
404	0.02337
405	0.5287
406	0.1634
407	0.4673
408	0.5494
409	0.0187
410	0.4968
411	0.3566
412	0.5657
413	0.7669
414	0.8238
415	0.5469
416	0.7153
417	0.3937
418	0.4737
419	0.5189
420	0.5175
421	0.4235
422	0.5843
423	0.383
424	0.4267
425	0.6873
426	0.2519
427	0.7863
428	0.4875
429	0.4916
430	0.1421
431	0.6019
432	0.504
433	0.3479
434	0.7482
435	0.302
436	0.6537
437	0.4326
438	0.6182
439	0.4682
440	0.3169
441	0.5906
442	0.426
443	0.4904
444	0.489
445	0.7256
446	0.7966
447	0.6153
448	0.2859
449	0.7966
450	0.4666
451	0.7899
452	0.3828
453	0.663
454	0.3943
455	0.2645
456	0.4506
457	0.49
458	0.1448
459	0.6471
460	0.52
461	0.6852
462	0.5799
463	0.6294
464	0.5365
465	0.647
466	0.4228
467	0.4056
468	0.5449
469	0.5124
470	0.6182
471	0.6272
472	0.7762
473	0.2783
474	0.3127
475	0.6522
476	0.8104
477	0.2211
478	0.5587
479	0.4907
480	0.5306
481	0.6414
482	0.1757
483	0.6532
484	0.5873
485	0.4789
486	0.7203
487	0.3198
488	0.5152
489	0.4591
490	0.5352
491	0.7057
492	0.6671
493	0.4132
494	0.6972
495	0.3662
496	0.6664
497	0.5261
498	0.4648
499	0.5426
500	0.2579
251	0.2056
252	0.3698
253	0.6262
254	0.07055
255	0.1836
256	0.1287
257	0.2013
258	0.1238
259	0.06441
260	0.3217
261	0.2846
262	0.2622
263	0.149
264	0.1932
265	0.1579
266	0.06925
267	0.07205
268	0.4104
269	0.1208
270	0.3466
271	0.0731
272	0.07112
273	0.09492
274	0.2202
275	0.3621
276	0.06706
277	0.2577
278	0.1301
279	0.2073
280	0.1331
281	0.07162
282	0.2381
283	0.2738
284	0.1516
285	0.2618
286	0.1045
287	0.213
288	0.05276
289	0.1276
290	0.1592
291	0.1791
292	0.5755
293	0.4073
294	0.402
295	0.1272
296	0.2484
297	0.1927
298	0.08853
299	0.1639
300	0.001143
301	0.1458
302	0.166
303	0.2794
304	0.3624
305	0.1669
306	0.2966
307	0.1953
308	0.3767
309	0.1103
310	0.1116
311	0.2259
312	0.0978
313	0.1615
314	0.1599
315	0.2113
316	0.2339
317	0.2427
318	0.3006
319	0.01323
320	0.04899
321	0.008571
322	0.3609
323	0.3264
324	0.3776
325	0.2143
326	0.4255
327	0.2437
328	0.2293
329	0.2722
330	0.2921
331	0.06671
332	0.1439
333	0.3441
334	0.0502
335	0.3276
336	0.1505
337	0.08229
338	0.3783
339	0.2061
340	0.08876
341	0.2262
342	0.03295
343	0.1827
344	0.03413
345	0.1719
346	0.7144
347	0.3172
348	0.2156
349	0.3188
350	0.1988
351	0.1065
352	0.05846
353	0.1952
354	0.1447
355	0.3156
356	0.2956
357	0.15
358	0.4094
359	0.4983
360	0.08765
361	0.03562
362	0.07473
363	0.1933
364	0.3057
365	0.1974
366	0.2573
367	0.0412
368	0.006135
369	0.1466
370	0.4106
371	0.01182
372	0.1261
373	0.3197
374	0.2095
375	0.2939
376	0.5868
377	0.4774
378	0.2272
379	0.2682
380	0.2783
381	0.2021
382	0.4159
383	0.3133
384	0.34
385	0.04503
386	0.04143
387	0.2529
388	0.3968
389	0.29
390	0.4265
391	0.07491
392	0.2045
393	0.08763
394	0.2638
395	0.08145
396	0.2822
397	0.3848
398	0.3543
399	0.4022
400	0.1128
401	0.3026
402	0.3409
403	0.1658
404	0.5437
405	0.1705
406	0.5132
407	0.2733
408	0.2357
409	0.5675
410	0.2144
411	0.3638
412	0.1562
413	0.07694
414	0.03569
415	0.1815
416	0.2036
417	0.2309
418	0.2899
419	0.1924
420	0.05033
421	0.3256
422	0.03407
423	0.2372
424	0.2029
425	0.1117
426	0.1886
427	0.03468
428	0.2748
429	0.2042
430	0.5433
431	0.06267
432	0.08258
433	0.3741
434	0.2126
435	0.08303
436	0.003861
437	0.04911
438	0.04389
439	0.1934
440	0.3874
441	0.2516
442	0.3186
443	0.3991
444	0.222
445	0.2137
446	0.0334
447	0.004806
448	0.2636
449	0.02978
450	0.1537
451	0.01684
452	0.3452
453	0.1928
454	0.2737
455	0.3833
456	0.4081
457	0.267
458	0.5229
459	0.06566
460	0.3437
461	0.1676
462	0.2393
463	0.1113
464	0.1684
465	0.2799
466	0.264
467	0.2335
468	0.2123
469	0.3598
470	0.2227
471	0.03532
472	0.05715
473	0.2152
474	0.4826
475	0.1299
476	0.02843
477	0.2724
478	0.1258
479	0.2735
480	0.1208
481	0.06645
482	0.598
483	0.07095
484	0.1522
485	0.3201
486	0.06186
487	0.2825
488	0.09496
489	0.3082
490	0.1553
491	0.1942
492	0.0933
493	0.5188
494	0.2732
495	0.1438
496	0.0707
497	0.2085
498	0.1323
499	0.1052
500	0.3112
251	0.358
252	0.1728
253	0.08509
254	0.3579
255	0.09116
256	0.3396
257	0.08964
258	0.3024
259	0.1484
260	0.09945
261	0.3281
262	0.1742
263	0.1232
264	0.11
265	0.2831
266	0.2026
267	0.08052
268	0.1651
269	0.186
270	0.1511
271	0.2764
272	0.02843
273	0.2202
274	0.06793
275	0.0812
276	0.1548
277	0.1231
278	0.1915
279	0.1303
280	0.2331
281	0.3431
282	0.1376
283	0.1497
284	0.131
285	0.1303
286	0.1524
287	0.1002
288	0.1744
289	0.1976
290	0.03251
291	0.4798
292	0.003396
293	0.2179
294	0.2284
295	0.114
296	0.1475
297	0.4817
298	0.05185
299	0.1212
300	0.1794
301	0.4088
302	0.04034
303	0.1981
304	0.1074
305	0.1363
306	0.3153
307	0.3737
308	0.01399
309	0.163
310	0.1726
311	0.1857
312	0.08847
313	0.1294
314	0.1576
315	0.1474
316	0.2806
317	0.09127
318	0.196
319	0.2009
320	0.1594
321	0.2408
322	0.1555
323	0.285
324	0.2424
325	0.2175
326	0.2127
327	0.3163
328	0.1678
329	0.1549
330	0.1552
331	0.1824
332	0.3107
333	0.183
334	0.07686
335	0.1907
336	0.1604
337	0.1481
338	0.2165
339	0.04559
340	0.2876
341	0.09373
342	0.394
343	0.5322
344	0.14
345	0.08616
346	0.1558
347	0.04885
348	0.09946
349	0.1381
350	0.1039
351	0.05938
352	0.2251
353	0.2563
354	0.1019
355	0.2056
356	0.1322
357	0.05377
358	0.1916
359	0.3387
360	0.2949
361	0.1292
362	0.2794
363	0.296
364	0.03795
365	0.2086
366	0.09142
367	0.2649
368	0.05722
369	0.321
370	0.1559
371	0.1995
372	0.2821
373	0.203
374	0.2163
375	0.1631
376	0.298
377	0.115
378	0.0562
379	0.07699
380	0.1422
381	0.1492
382	0.02787
383	0.08282
384	0.06521
385	0.1643
386	0.278
387	0.2248
388	0.186
389	0.236
390	0.3158
391	0.2927
392	0.2489
393	0.3283
394	0.2024
395	0.0457
396	0.1112
397	0.2272
398	0.1018
399	0.04822
400	0.1638
401	0.1358
402	0.04238
403	0.3091
404	0.3054
405	0.08236
406	0.1173
407	0.189
408	0.1866
409	0.3094
410	0.1287
411	0.2197
412	0.1756
413	0.03143
414	0.08741
415	0.136
416	0.01664
417	0.3405
418	0.1826
419	0.2597
420	0.1851
421	0.2382
422	0.2635
423	0.3241
424	0.2089
425	0.164
426	0.3916
427	0.09415
428	0.07252
429	0.2302
430	0.1661
431	0.01683
432	0.3599
433	0.1158
434	0.03664
435	0.5216
436	0.09291
437	0.1382
438	0.3066
439	0.3225
440	0.2681
441	0.04897
442	0.2092
443	0.05181
444	0.1443
445	0.05155
446	0.03811
447	0.2924
448	0.2002
449	0.07888
450	0.2733
451	0.1444
452	0.2579
453	0.1018
454	0.226
455	0.2908
456	0.1142
457	0.119
458	0.1511
459	0.1864
460	0.07324
461	0.05833
462	0.1777
463	0.2216
464	0.2758
465	0.05308
466	0.2451
467	0.3439
468	0.07524
469	0.05614
470	0.1053
471	0.303
472	0.09423
473	0.3075
474	0.1076
475	0.1974
476	0.1117
477	0.1853
478	0.3083
479	0.1491
480	0.2369
481	0.2341
482	0.1831
483	0.2357
484	0.1188
485	0.09345
486	0.1416
487	0.2447
488	0.2611
489	0.08347
490	0.164
491	0.02472
492	0.1596
493	0.02714
494	0.02491
495	0.2544
496	0.1751
497	0.2076
498	0.2575
499	0.2313
500	0.3361
251	0.2657
252	0.07477
253	0.2444
254	0.1248
255	0.05282
256	0.2013
257	0.009497
258	0.3157
259	0.1181
260	0.06945
261	0.1388
262	0.09304
263	0.1576
264	0.1088
265	0.2528
266	0.3459
267	0.005921
268	0.03257
269	0.1908
270	0.01612
271	0.1092
272	0.1922
273	0.04968
274	0.3078
275	0.2331
276	0.1931
277	0.09889
278	0.1643
279	0.1173
280	0.03442
281	0.02643
282	0.05896
283	0.0591
284	0.2234
285	0.1413
286	0.02075
287	0.005405
288	0.09277
289	0.06949
290	0.0384
291	0.03949
292	0.3067
293	0.05878
294	0.1283
295	0.1547
296	0.0258
297	0.05164
298	0.1021
299	0.1128
300	0.04336
301	0.1416
302	0.1189
303	0.3287
304	0.0179
305	0.07326
306	0.1063
307	0.2124
308	0.1149
309	0.3146
310	0.1033
311	0.1592
312	0.2174
313	0.1424
314	0.1578
315	0.1474
316	0.06274
317	0.1406
318	0.08772
319	0.0859
320	0.01324
321	0.1309
322	0.04747
323	0.00471
324	0.1187
325	0.0546
326	0.04838
327	0.1365
328	0.05588
329	0.01928
330	0.117
331	0.3283
332	0.1066
333	0.06487
334	0.07075
335	0.2646
336	0.204
337	0.1183
338	0.08868
339	0.1518
340	0.2104
341	0.03484
342	0.1126
343	0.06712
344	0.02585
345	0.1737
346	0.05026
347	0.06759
348	0.03234
349	0.04857
350	0.06603
351	0.1691
352	0.04803
353	0.01233
354	3.363E-4
355	0.1537
356	0.06192
357	0.2011
358	0.08665
359	0.0148
360	0.09945
361	0.107
362	0.02795
363	0.2972
364	0.06279
365	0.08247
366	0.03066
367	0.2645
368	0.2402
369	0.01938
370	0.0222
371	0.1382
372	0.3069
373	0.01255
374	0.217
375	0.1
376	0.0396
377	0.009722
378	0.1476
379	0.2575
380	0.001407
381	0.1066
382	0.0859
383	0.07315
384	0.007578
385	0.01618
386	0.2314
387	0.05343
388	0.02122
389	0.1583
390	0.04207
391	0.01814
392	0.135
393	0.1101
394	0.2267
395	0.03714
396	0.006007
397	0.01525
398	0.2381
399	0.161
400	0.1078
401	0.1887
402	0.1515
403	0.03764
404	0.1275
405	0.2185
406	0.2061
407	0.07035
408	0.02829
409	0.1044
410	0.1601
411	0.05996
412	0.1025
413	0.1247
414	0.05307
415	0.1356
416	0.06444
417	0.03488
418	0.05379
419	0.029
420	0.2471
421	0.01267
422	0.1181
423	0.05562
424	0.1615
425	0.037
426	0.1678
427	0.08485
428	0.1652
429	0.07402
430	0.1485
431	0.3186
432	0.05353
433	0.1621
434	0.002636
435	0.09339
436	0.2495
437	0.38
438	0.03133
439	0.01591
440	0.0276
441	0.1089
442	0.04623
443	0.05862
444	0.1447
445	0.009207
446	0.1319
447	0.08759
448	0.2503
449	0.09477
450	0.1064
451	0.04887
452	0.0141
453	0.04239
454	0.106
455	0.06136
456	0.0271
457	0.1241
458	0.1811
459	0.1008
460	0.06302
461	0.08886
462	0.00306
463	0.0377
464	0.01923
465	0.02001
466	0.06814
467	0.01702
468	0.1675
469	0.07167
470	0.05389
471	0.0345
472	0.07243
473	0.199
474	0.09704
475	0.02041
476	0.04947
477	0.3213
478	0.007149
479	0.08672
480	0.1118
481	0.05806
482	0.04323
483	0.04023
484	0.1417
485	0.1076
486	0.07624
487	0.1529
488	0.1288
489	0.1493
490	0.1455
491	0.07535
492	0.08003
493	0.04083
494	0.00462
495	0.2355
496	0.08776
497	0.05784
498	0.1455
499	0.1208
500	0.09487
251	0.307
252	0.5416
253	0.06047
254	0.7979
255	0.1382
256	0.5427
257	0.369
258	0.464
259	0.1424
260	0.513
261	0.4712
262	0.1383
263	0.3575
264	0.6653
265	0.3664
266	0.6608
267	0.2019
268	0.05097
269	0.5164
270	0.09088
271	0.6107
272	0.2395
273	0.1612
274	0.5707
275	0.8042
276	0.4242
277	0.2109
278	0.6381
279	0.2836
280	0.4086
281	0.6076
282	0.04033
283	0.067
284	0.2397
285	0.6028
286	0.338
287	0.4308
288	0.6099
289	0.28
290	0.2013
291	0.1634
292	0.5821
293	0.6239
294	0.6709
295	0.4168
296	0.3943
297	0.1945
298	0.4408
299	0.1711
300	0.4684
301	0.4494
302	0.3403
303	0.7198
304	0.4743
305	0.3925
306	0.8695
307	0.2558
308	0.5209
309	0.1744
310	0.3883
311	0.5094
312	0.3344
313	0.2199
314	0.3677
315	0.177
316	0.2084
317	0.04621
318	0.5524
319	0.6334
320	0.4597
321	0.4403
322	0.4048
323	0.00677
324	0.7848
325	0.3979
326	0.1022
327	0.1055
328	0.4692
329	0.05587
330	0.4392
331	0.7199
332	0.7691
333	0.5569
334	0.6335
335	0.2835
336	0.5233
337	0.1031
338	0.6353
339	0.701
340	0.3219
341	0.4374
342	0.3238
343	0.4251
344	0.2656
345	0.1717
346	0.7668
347	0.06722
348	0.229
349	0.1609
350	0.6705
351	0.3578
352	0.1827
353	0.2156
354	0.195
355	0.3747
356	0.3573
357	0.3117
358	0.6532
359	0.1432
360	0.5028
361	0.5356
362	0.6158
363	0.548
364	0.1734
365	0.7005
366	0.2431
367	0.2876
368	0.2354
369	0.3026
370	0.4206
371	0.07464
372	0.1546
373	0.4576
374	0.2246
375	0.4046
376	0.4713
377	0.6858
378	0.7114
379	0.7127
380	0.6739
381	0.4882
382	0.4618
383	0.3823
384	0.2389
385	0.7206
386	0.3288
387	0.7135
388	0.4225
389	0.04002
390	0.2201
391	0.1972
392	0.5516
393	0.4956
394	0.3504
395	0.4835
396	0.05399
397	0.6979
398	0.5636
399	0.2056
400	0.2139
401	0.416
402	0.5001
403	0.7626
404	0.4271
405	0.771
406	0.3304
407	0.3432
408	0.2257
409	0.5987
410	0.1916
411	0.4655
412	0.08494
413	0.5042
414	0.3793
415	0.09453
416	0.1084
417	0.4549
418	0.4885
419	0.7757
420	0.1956
421	0.2271
422	0.4339
423	0.1974
424	0.612
425	0.4273
426	0.4766
427	0.5741
428	0.571
429	0.6086
430	0.6142
431	0.5351
432	0.2615
433	0.1087
434	0.3027
435	0.431
436	0.6503
437	0.4875
438	0.7553
439	0.55
440	0.5179
441	0.2712
442	0.8591
443	0.3788
444	0.6757
445	0.1595
446	0.2432
447	0.773
448	0.7212
449	0.1958
450	0.1335
451	0.2561
452	0.1512
453	0.4368
454	0.5282
455	0.1672
456	0.1781
457	0.7839
458	0.08078
459	0.1753
460	0.5711
461	0.2691
462	0.591
463	0.595
464	0.4362
465	0.1958
466	0.5733
467	0.1596
468	0.4256
469	0.168
470	0.4785
471	0.4528
472	0.2347
473	0.3548
474	0.1849
475	0.4873
476	0.1796
477	0.1354
478	0.1288
479	0.1291
480	0.562
481	0.02493
482	0.409
483	0.2627
484	0.4569
485	0.4158
486	0.2669
487	0.8288
488	0.3332
489	0.7068
490	0.4783
491	0.4596
492	0.67
493	0.2247
494	0.3561
495	0.0864
496	0.1185
497	0.6314
498	0.2878
499	0.593
500	0.5051
251	0.4709
252	0.07148
253	0.4784
254	0.03948
255	0.518
256	0.3365
257	0.1642
258	0.3164
259	0.5378
260	0.3532
261	0.1817
262	0.325
263	0.3058
264	0.117
265	0.3751
266	0.1365
267	0.4024
268	0.4049
269	0.2294
270	0.2777
271	0.02607
272	0.284
273	0.6276
274	0.3758
275	0.05421
276	0.4285
277	0.3007
278	0.2843
279	0.3407
280	0.3239
281	0.1766
282	0.329
283	0.4541
284	0.4616
285	0.1072
286	0.06106
287	0.1614
288	0.2323
289	0.389
290	0.3592
291	0.4477
292	0.1063
293	0.2947
294	0.2325
295	0.1345
296	0.2673
297	0.1489
298	0.4809
299	0.1404
300	0.3269
301	0.328
302	0.2179
303	0.2343
304	0.4005
305	0.3538
306	0.04417
307	0.6095
308	0.1571
309	0.5304
310	0.2861
311	0.1642
312	0.2611
313	0.5073
314	0.1198
315	0.2489
316	0.1464
317	0.6804
318	0.1204
319	0.1895
320	0.3557
321	0.3111
322	0.2625
323	0.6204
324	0.1047
325	0.3817
326	0.2472
327	0.5936
328	0.3787
329	0.7698
330	0.2825
331	0.2006
332	0.01945
333	0.1077
334	0.1634
335	0.453
336	0.06786
337	0.3826
338	0.1209
339	0.05646
340	0.532
341	0.2186
342	0.2847
343	0.4833
344	0.2176
345	0.1995
346	0.07866
347	0.1495
348	0.2037
349	0.4206
350	0.02362
351	0.1091
352	0.5849
353	0.605
354	0.1025
355	0.4422
356	0.3697
357	0.3594
358	0.2567
359	0.5143
360	0.2297
361	0.3971
362	0.2778
363	0.2987
364	0.00826
365	0.1705
366	0.3969
367	0.4688
368	0.2178
369	0.1213
370	0.1468
371	0.6811
372	0.6135
373	0.3117
374	0.5324
375	0.218
376	0.1326
377	0.1869
378	0.02994
379	0.1571
380	0.2254
381	0.3544
382	0.2372
383	0.05693
384	0.2223
385	0.06785
386	0.426
387	0.1471
388	0.2794
389	0.5276
390	0.4043
391	0.2987
392	0.3665
393	0.3307
394	0.1818
395	0.2899
396	0.3827
397	0.06435
398	0.3939
399	0.625
400	0.46
401	0.2696
402	0.05372
403	0.001542
404	0.04726
405	0.08351
406	0.2676
407	0.3907
408	0.5355
409	0.09516
410	0.563
411	0.2086
412	0.2082
413	0.2419
414	0.05136
415	0.5726
416	0.4471
417	0.2194
418	0.2599
419	0.02994
420	0.6498
421	0.4951
422	0.3777
423	0.5218
424	0.2717
425	0.2602
426	0.3619
427	0.07016
428	0.191
429	0.2223
430	0.0513
431	0.3024
432	0.5153
433	0.442
434	0.3533
435	0.386
436	0.1316
437	0.3356
438	0.1052
439	0.2261
440	0.397
441	0.3486
442	0.01535
443	0.0666
444	0.1861
445	0.4834
446	0.3718
447	0.08806
448	0.1671
449	0.5934
450	0.316
451	0.4571
452	0.3848
453	0.3583
454	0.1613
455	0.2804
456	0.2334
457	0.0285
458	0.3491
459	0.6084
460	0.2082
461	0.4326
462	0.1667
463	0.269
464	0.2306
465	0.4581
466	0.1901
467	0.1013
468	0.3962
469	0.2607
470	0.2627
471	0.4198
472	0.6415
473	0.6136
474	0.1617
475	0.3722
476	0.4564
477	0.4788
478	0.6784
479	0.3035
480	0.2285
481	0.3046
482	0.4237
483	0.4584
484	0.2037
485	0.284
486	0.3081
487	0.06874
488	0.3241
489	0.1465
490	0.4019
491	0.3059
492	0.09102
493	0.07898
494	0.3024
495	0.5732
496	0.5314
497	0.06206
498	0.5304
499	0.0357
500	0.2283
251	0.134
252	0.2153
253	0.3127
254	0.1462
255	0.2113
256	0.09439
257	0.236
258	0.1464
259	0.3107
260	0.02132
261	0.06651
262	0.2256
263	0.2307
264	0.18
265	0.09321
266	0.1142
267	0.3802
268	0.3333
269	0.2338
270	0.4966
271	0.2691
272	0.3717
273	0.1295
274	0.02737
275	0.1175
276	0.02399
277	0.4359
278	0.04339
279	0.2515
280	0.09085
281	0.08364
282	0.4337
283	0.1007
284	0.2579
285	0.2593
286	0.1613
287	0.3694
288	0.0812
289	0.1279
290	0.2661
291	0.212
292	0.1362
293	0.05807
294	0.01969
295	0.2605
296	0.3015
297	0.4195
298	0.06956
299	0.4192
300	0.1999
301	0.1083
302	0.3203
303	0.04305
304	0.03737
305	0.2118
306	0.03797
307	0.08386
308	0.1234
309	0.1267
310	0.1531
311	0.3061
312	0.3828
313	0.2309
314	0.3034
315	0.2693
316	0.2278
317	0.2464
318	0.1328
319	0.1047
320	0.09121
321	0.1676
322	0.1605
323	0.1878
324	0.08931
325	0.1897
326	0.5274
327	0.2977
328	0.1516
329	0.05871
330	0.08874
331	0.03248
332	0.007134
333	0.1957
334	0.1755
335	0.2068
336	0.2447
337	0.3519
338	0.1985
339	0.2132
340	0.1093
341	0.3423
342	0.1657
343	0.07677
344	0.4438
345	0.3449
346	0.1069
347	0.6155
348	0.2516
349	0.362
350	0.1272
351	0.4958
352	0.06861
353	0.1581
354	0.4459
355	0.1425
356	0.2434
357	0.2437
358	0.08623
359	0.2848
360	0.133
361	0.004168
362	0.07044
363	0.1233
364	0.5368
365	0.0998
366	0.259
367	0.1582
368	0.3695
369	0.2917
370	0.2411
371	0.1157
372	0.1293
373	0.09279
374	0.2193
375	0.2566
376	0.2421
377	0.1111
378	0.08406
379	0.1287
380	0.04832
381	0.07464
382	0.2231
383	0.4297
384	0.44
385	0.1661
386	0.1025
387	0.03977
388	0.1617
389	0.1886
390	0.3725
391	0.2982
392	0.02963
393	0.1119
394	0.3002
395	0.1797
396	0.3791
397	0.1612
398	0.03232
399	0.1396
400	0.1084
401	0.2735
402	0.3319
403	0.142
404	0.3959
405	0.0145
406	0.1896
407	0.1599
408	0.2087
409	0.2546
410	0.1443
411	0.2673
412	0.5539
413	0.1265
414	0.4451
415	0.3018
416	0.3721
417	0.2675
418	0.1844
419	0.02473
420	0.01768
421	0.09629
422	0.01457
423	0.115
424	0.03741
425	0.2555
426	0.1184
427	0.2888
428	0.1443
429	0.05945
430	0.2319
431	0.143
432	0.08006
433	0.3015
434	0.1775
435	0.1391
436	0.1619
437	0.09885
438	0.09981
439	0.1455
440	0.0339
441	0.2724
442	0.07643
443	0.4588
444	0.06552
445	0.2541
446	0.3246
447	0.009996
448	0.09413
449	0.1937
450	0.398
451	0.1176
452	0.4571
453	0.1921
454	0.1236
455	0.331
456	0.3808
457	0.1336
458	0.5147
459	0.04106
460	0.09394
461	0.2225
462	0.141
463	0.123
464	0.09909
465	0.3394
466	0.1983
467	0.7123
468	0.1006
469	0.4569
470	0.1297
471	0.06313
472	0.06888
473	0.01748
474	0.4412
475	0.1336
476	0.2902
477	0.2258
478	0.04072
479	0.2357
480	0.1531
481	0.2461
482	0.1442
483	0.2068
484	0.2003
485	0.2338
486	0.1607
487	0.07421
488	0.3064
489	0.08603
490	0.0417
491	0.1325
492	0.2115
493	0.6402
494	0.1844
495	0.2895
496	0.07597
497	0.1768
498	0.1752
499	0.2374
500	0.1781
251	0.08815
252	0.1717
253	0.1484
254	0.01648
255	0.1325
256	0.02648
257	0.2307
258	0.07322
259	0.009156
260	0.1125
261	0.2805
262	0.3111
263	0.106
264	0.03775
265	0.1653
266	0.0885
267	0.01545
268	0.2108
269	0.02032
270	0.1348
271	0.09415
272	0.1049
273	0.08166
274	0.02616
275	0.02413
276	0.1233
277	0.05247
278	0.03426
279	0.1242
280	0.1767
281	0.1322
282	0.1969
283	0.3782
284	0.04077
285	0.03059
286	0.4397
287	0.03829
288	0.07662
289	0.2031
290	0.1735
291	0.1769
292	0.1754
293	0.02328
294	0.07692
295	0.1882
296	0.0369
297	0.2371
298	0.008755
299	0.2693
300	0.004809
301	0.1143
302	0.1215
303	0.002894
304	0.08786
305	0.04185
306	0.04837
307	0.05086
308	0.1986
309	0.1685
310	0.1725
311	0.02027
312	0.02162
313	0.04195
314	0.2092
315	0.3047
316	0.4174
317	0.02695
318	0.1944
319	0.07239
320	0.09336
321	0.08105
322	0.1722
323	0.185
324	0.02118
325	0.03073
326	0.1231
327	0.003165
328	5.035E-4
329	0.1156
330	0.1896
331	0.04701
332	0.2043
333	0.1397
334	0.02756
335	0.05669
336	0.1641
337	0.1623
338	0.04525
339	0.02933
340	0.03683
341	0.001643
342	0.2258
343	0.01483
344	0.07296
345	0.2839
346	0.04768
347	0.1677
348	0.3157
349	0.05651
350	0.1787
351	0.03736
352	0.1639
353	0.02134
354	0.2566
355	0.04068
356	0.02964
357	0.08523
358	0.003881
359	0.05775
360	0.1345
361	0.06313
362	0.03591
363	0.02993
364	0.2815
365	0.02924
366	0.1011
367	0.08533
368	0.1773
369	0.2844
370	0.1915
371	0.1286
372	0.1027
373	0.1379
374	0.02379
375	0.1209
376	0.1541
377	0.01614
378	0.1746
379	0.001476
380	0.05243
381	0.08284
382	0.07781
383	0.1311
384	0.09873
385	0.04549
386	0.1427
387	0.09969
388	0.1364
389	0.2438
390	0.003021
391	0.2059
392	0.05225
393	0.06175
394	0.1676
395	0.04693
396	0.1842
397	0.0765
398	0.01021
399	0.02979
400	0.2177
401	0.04091
402	0.1143
403	0.09379
404	0.1298
405	0.1309
406	0.2124
407	0.1061
408	0.03006
409	0.0516
410	0.1012
411	0.05858
412	0.153
413	0.1274
414	0.1243
415	0.03112
416	0.0724
417	0.05811
418	0.06727
419	0.1696
420	0.1369
421	0.1816
422	0.1738
423	0.1659
424	0.07892
425	0.05702
426	0.0431
427	0.06693
428	0.09378
429	0.1096
430	0.1025
431	0.0195
432	0.1431
433	0.1477
434	0.1665
435	0.04395
436	0.05618
437	0.07806
438	0.03973
439	0.0784
440	0.05111
441	0.1078
442	0.04914
443	0.09582
444	0.07261
445	0.103
446	0.06043
447	0.129
448	0.0175
449	0.01715
450	0.1526
451	0.1693
452	0.006905
453	0.01286
454	0.187
455	0.2214
456	0.2077
457	0.05403
458	0.05541
459	0.1753
460	0.1268
461	0.07585
462	0.1013
463	0.01294
464	0.2341
465	0.006624
466	0.03835
467	0.02673
468	0.07754
469	0.1144
470	0.1292
471	0.06427
472	0.05494
473	0.0141
474	0.2123
475	0.006863
476	0.0739
477	0.16
478	0.1522
479	0.3316
480	0.05628
481	0.4243
482	0.0232
483	0.07212
484	0.1391
485	0.06632
486	0.2643
487	0.02821
488	0.0364
489	0.06075
490	0.07806
491	0.102
492	0.02751
493	0.05618
494	0.157
495	0.0509
496	0.2742
497	0.1297
498	0.006527
499	0.1338
500	0.08843
