251	300.2
252	297.0
253	295.7
254	272.8
255	293.2
256	273.0
257	288.9
258	311.2
259	291.4
260	293.0
261	290.0
262	307.0
263	301.5
264	284.9
265	284.3
266	327.0
267	307.2
268	299.0
269	308.3
270	293.2
271	282.1
272	291.5
273	270.9
274	282.5
275	303.7
276	296.7
277	295.1
278	317.6
279	293.9
280	296.5
281	314.7
282	276.9
283	289.8
284	283.3
285	271.7
286	325.1
287	287.6
288	301.6
289	301.3
290	297.1
291	294.4
292	297.3
293	309.2
294	331.1
295	285.7
296	291.3
297	282.1
298	297.5
299	299.0
300	295.1
301	311.9
302	322.1
303	276.6
304	301.6
305	306.3
306	297.1
307	294.7
308	331.6
309	304.7
310	272.0
311	309.4
312	309.7
313	304.3
314	292.5
315	296.1
316	307.7
317	306.5
318	300.9
319	296.5
320	270.3
321	272.0
322	269.7
323	283.2
324	295.6
325	287.3
326	302.0
327	288.8
328	283.0
329	311.0
330	288.1
331	306.5
332	305.2
333	295.3
334	288.2
335	285.5
336	307.4
337	299.1
338	318.1
339	299.3
340	287.9
341	286.2
342	284.4
343	295.3
344	301.5
345	299.5
346	260.3
347	305.2
348	291.9
349	291.8
350	293.1
351	284.5
352	280.8
353	292.6
354	300.9
355	297.6
356	301.2
357	293.8
358	297.4
359	303.2
360	287.3
361	301.8
362	301.1
363	300.9
364	295.5
365	326.9
366	286.2
367	302.2
368	286.1
369	306.7
370	288.1
371	296.6
372	297.8
373	298.5
374	308.6
375	311.9
376	290.4
377	295.9
378	307.0
379	295.5
380	293.5
381	294.6
382	290.0
383	270.2
384	294.2
385	297.8
386	278.5
387	294.8
388	250.5
389	307.2
390	292.4
391	298.9
392	310.4
393	277.8
394	301.6
395	317.4
396	304.4
397	306.6
398	306.2
399	299.5
400	271.8
401	284.5
402	298.6
403	291.5
404	285.2
405	284.3
406	295.5
407	289.3
408	290.6
409	291.9
410	300.3
411	267.9
412	311.5
413	295.1
414	288.4
415	290.7
416	283.6
417	261.9
418	307.7
419	315.0
420	295.3
421	290.0
422	288.2
423	301.3
424	297.2
425	298.8
426	286.2
427	278.0
428	292.2
429	275.5
430	285.3
431	281.7
432	285.0
433	310.2
434	305.4
435	275.3
436	312.5
437	286.9
438	284.0
439	317.8
440	278.6
441	303.8
442	304.2
443	294.6
444	286.7
445	308.1
446	291.1
447	284.0
448	297.5
449	308.8
450	301.3
451	291.8
452	276.2
453	288.8
454	309.7
455	304.1
456	296.5
457	266.0
458	287.8
459	295.5
460	279.9
461	281.1
462	279.7
463	292.2
464	308.8
465	297.7
466	293.4
467	310.3
468	296.9
469	299.8
470	302.3
471	293.3
472	304.3
473	306.5
474	310.6
475	278.1
476	296.5
477	308.9
478	306.8
479	304.0
480	277.7
481	314.1
482	304.4
483	295.9
484	299.2
485	308.6
486	287.6
487	297.5
488	280.0
489	316.7
490	293.6
491	310.6
492	307.3
493	308.1
494	285.5
495	309.5
496	304.7
497	316.0
498	300.6
499	315.5
500	306.3
251	0.3649
252	0.256
253	0.609
254	0.4598
255	0.4204
256	0.07669
257	0.6479
258	0.1111
259	0.3098
260	0.05615
261	0.3196
262	0.4497
263	0.126
264	0.05889
265	0.3669
266	0.4069
267	0.4051
268	0.2872
269	0.399
270	0.559
271	0.5605
272	0.2543
273	0.1126
274	0.1248
275	0.4196
276	0.4099
277	0.2306
278	0.3491
279	0.134
280	0.5077
281	0.141
282	0.3695
283	0.6119
284	0.26
285	0.7067
286	0.3007
287	0.1276
288	0.4485
289	0.4044
290	0.5769
291	0.1592
292	0.255
293	0.1665
294	0.01691
295	0.3033
296	0.1971
297	0.6884
298	0.3553
299	0.6569
300	0.2777
301	0.5756
302	0.2676
303	0.1742
304	0.2172
305	0.6966
306	0.1432
307	0.3707
308	0.223
309	0.6026
310	0.2418
311	0.2829
312	0.126
313	0.3971
314	0.3377
315	0.02985
316	0.2338
317	0.4822
318	0.3349
319	0.4319
320	0.6857
321	0.2103
322	0.2894
323	0.4336
324	0.5823
325	0.2372
326	0.3919
327	0.606
328	0.4303
329	0.3015
330	0.2158
331	0.05779
332	0.7783
333	0.2429
334	0.08463
335	0.2173
336	0.3262
337	0.06975
338	0.5768
339	0.6138
340	0.2018
341	0.1238
342	0.2436
343	0.2553
344	0.2338
345	0.3039
346	0.09288
347	0.241
348	0.2015
349	0.444
350	0.5331
351	0.5286
352	0.4472
353	0.2528
354	0.08581
355	0.4908
356	0.2586
357	0.2743
358	0.2627
359	0.2263
360	0.2452
361	0.3339
362	0.4873
363	0.1249
364	0.4302
365	0.6275
366	0.06702
367	0.6903
368	0.2029
369	0.2602
370	0.4066
371	0.5299
372	0.2034
373	0.6639
374	0.4117
375	0.2716
376	0.4403
377	0.271
378	0.04217
379	0.4402
380	0.5029
381	0.4746
382	0.3319
383	0.322
384	0.1963
385	0.1071
386	0.562
387	0.2666
388	0.1905
389	0.2002
390	0.1678
391	0.06443
392	0.1389
393	0.6943
394	0.4677
395	0.08666
396	0.1771
397	0.1399
398	0.5147
399	0.4179
400	0.5142
401	0.3907
402	0.296
403	0.05398
404	0.334
405	0.2856
406	0.09203
407	0.1702
408	0.5999
409	0.3038
410	0.5321
411	0.5373
412	0.08171
413	0.3305
414	0.5932
415	0.4572
416	0.1182
417	0.7089
418	0.1995
419	0.5607
420	0.4523
421	0.3351
422	0.3632
423	0.231
424	0.5374
425	0.5095
426	0.2966
427	0.1729
428	0.5563
429	0.2907
430	0.18
431	0.6487
432	0.2402
433	0.6997
434	0.2397
435	0.3805
436	0.2691
437	0.1487
438	0.4569
439	0.1064
440	0.402
441	0.3916
442	0.1263
443	0.394
444	0.1254
445	0.4381
446	0.2624
447	0.1768
448	0.1685
449	0.2576
450	0.4502
451	0.1976
452	0.4136
453	0.571
454	0.6124
455	0.2263
456	0.6209
457	0.1578
458	0.1597
459	0.387
460	0.4173
461	0.2057
462	0.4167
463	0.148
464	0.3817
465	0.2054
466	0.5997
467	0.3561
468	0.2495
469	0.2601
470	0.1957
471	0.5036
472	0.4673
473	0.1823
474	0.1657
475	0.06699
476	0.1358
477	0.5529
478	0.5689
479	0.02837
480	0.5147
481	0.2305
482	0.4338
483	0.1637
484	0.2303
485	0.7033
486	0.2157
487	0.2609
488	0.344
489	0.5966
490	0.2524
491	0.5002
492	0.2454
493	0.2601
494	0.3925
495	0.2379
496	0.1065
497	0.3704
498	0.6914
499	0.2545
500	0.336
251	0.063
252	0.4454
253	0.1817
254	0.3222
255	0.2639
256	0.1121
257	0.1791
258	0.3789
259	0.02288
260	0.3422
261	0.08423
262	0.3457
263	0.2074
264	0.493
265	0.1188
266	0.1092
267	0.1262
268	0.6286
269	0.04496
270	0.301
271	0.2261
272	0.1731
273	0.4416
274	0.2777
275	0.4232
276	0.4006
277	0.1203
278	0.1942
279	0.3519
280	0.1699
281	0.3704
282	0.165
283	0.1174
284	0.2007
285	0.1458
286	0.0312
287	0.4767
288	0.3296
289	0.03088
290	0.05365
291	0.263
292	0.2297
293	0.369
294	0.4536
295	0.1761
296	0.5791
297	0.179
298	0.1252
299	0.1246
300	0.2121
301	0.2564
302	0.2625
303	0.2809
304	0.1161
305	0.08797
306	0.1436
307	0.4203
308	0.3566
309	0.2736
310	0.1231
311	0.3258
312	0.2348
313	0.4259
314	0.0733
315	0.281
316	0.2237
317	0.2519
318	0.2055
319	0.288
320	0.235
321	0.1329
322	0.1076
323	0.3632
324	0.04728
325	0.2443
326	0.2352
327	0.2106
328	0.07161
329	0.293
330	0.4516
331	0.4858
332	0.1002
333	0.1425
334	0.3684
335	0.2678
336	0.2488
337	0.09244
338	0.151
339	0.1088
340	0.2916
341	0.3107
342	0.09179
343	0.0941
344	0.2633
345	0.4287
346	0.1171
347	0.6053
348	0.3735
349	0.2541
350	0.07913
351	0.07948
352	0.1652
353	0.2494
354	0.1613
355	0.2147
356	0.3098
357	0.1613
358	0.215
359	0.2708
360	0.2776
361	0.1653
362	0.2156
363	0.05901
364	0.09922
365	0.1073
366	0.3814
367	0.1293
368	0.1266
369	0.523
370	0.444
371	0.1064
372	0.2814
373	0.1325
374	0.3952
375	0.06066
376	0.1303
377	0.2206
378	0.6551
379	0.117
380	0.05652
381	0.1184
382	0.4484
383	0.1882
384	0.1461
385	0.1579
386	0.06306
387	0.367
388	0.2722
389	0.5985
390	0.7662
391	0.4249
392	0.5345
393	0.1429
394	0.1706
395	0.6259
396	0.5878
397	0.389
398	0.2403
399	0.1128
400	0.4488
401	0.1911
402	0.2456
403	0.4862
404	0.5907
405	0.4091
406	0.2202
407	0.3857
408	0.1765
409	0.2539
410	0.08462
411	0.1132
412	0.3703
413	0.3403
414	0.2066
415	0.1798
416	0.5741
417	0.2095
418	0.2076
419	0.1608
420	0.3033
421	0.1836
422	0.413
423	0.6038
424	0.2146
425	0.2385
426	0.2073
427	0.1228
428	0.08312
429	0.3875
430	0.182
431	0.1556
432	0.1151
433	0.1738
434	0.254
435	0.2214
436	0.2649
437	0.2006
438	0.101
439	0.1735
440	0.4394
441	0.1954
442	0.5422
443	0.3319
444	0.4914
445	0.1542
446	0.2488
447	0.2611
448	0.09794
449	0.1531
450	0.4538
451	0.2752
452	0.1362
453	0.1778
454	0.2515
455	0.1727
456	0.3016
457	0.2582
458	0.5796
459	0.2762
460	0.5023
461	0.02885
462	0.1601
463	0.1815
464	0.1227
465	0.491
466	0.09892
467	0.3721
468	0.3076
469	0.2708
470	0.1678
471	0.1491
472	0.1007
473	0.3007
474	0.2221
475	0.03779
476	0.3409
477	0.1014
478	0.02171
479	0.03283
480	0.3268
481	0.2781
482	0.09902
483	0.347
484	0.471
485	0.02468
486	0.4296
487	0.2835
488	0.4488
489	0.2438
490	0.1743
491	0.1262
492	0.1316
493	0.2111
494	0.3313
495	0.2807
496	0.04273
497	0.2118
498	0.03237
499	0.4025
500	0.2278
251	0.5639
252	0.1338
253	0.1665
254	0.07271
255	0.1215
256	0.1738
257	0.03102
258	0.4986
259	0.02054
260	0.2446
261	0.3086
262	0.06429
263	0.3834
264	0.218
265	0.2244
266	0.4509
267	0.3867
268	0.02295
269	0.4495
270	0.1192
271	0.05651
272	0.2731
273	0.03619
274	0.1903
275	0.05973
276	0.07164
277	0.364
278	0.3183
279	0.3331
280	0.135
281	0.2705
282	0.2927
283	0.1628
284	0.0287
285	0.09337
286	0.2118
287	0.1782
288	0.1713
289	0.01925
290	0.3299
291	0.5341
292	0.1492
293	0.3981
294	0.4282
295	0.1808
296	0.1093
297	0.06925
298	0.452
299	0.07277
300	0.1471
301	0.09759
302	0.1845
303	0.188
304	0.6146
305	0.1901
306	0.4131
307	0.1374
308	0.2374
309	0.05879
310	0.193
311	0.3096
312	0.5587
313	0.1177
314	0.09055
315	0.3149
316	0.3392
317	0.1718
318	0.09411
319	0.1385
320	0.04255
321	0.5777
322	0.1245
323	0.1451
324	0.355
325	0.1524
326	0.1059
327	0.1073
328	0.2393
329	0.1016
330	0.2507
331	0.2004
332	0.0615
333	0.1493
334	0.1203
335	0.4191
336	0.08182
337	0.09422
338	0.2615
339	0.1171
340	0.02129
341	0.3081
342	0.1604
343	0.35
344	0.3966
345	0.07524
346	0.1978
347	0.1249
348	0.145
349	0.06897
350	0.01344
351	0.1537
352	0.2152
353	0.06054
354	0.308
355	0.168
356	0.3646
357	0.2001
358	0.4831
359	0.3985
360	0.0568
361	0.3778
362	0.2432
363	0.05887
364	0.08261
365	0.2439
366	0.1475
367	0.1399
368	0.3985
369	0.08191
370	0.1425
371	0.1906
372	0.3118
373	0.05713
374	0.1172
375	0.4437
376	0.1396
377	0.4467
378	0.1863
379	0.1365
380	0.05909
381	0.3719
382	0.06379
383	0.3816
384	0.3307
385	0.3077
386	0.2694
387	0.2136
388	0.1383
389	0.1761
390	0.0484
391	0.4187
392	0.1736
393	0.04853
394	0.2451
395	0.2586
396	0.09633
397	0.3348
398	0.1997
399	0.1283
400	0.009274
401	0.3277
402	0.06851
403	0.1818
404	0.04851
405	0.2986
406	0.1257
407	0.4037
408	0.1832
409	0.008943
410	0.2045
411	0.3393
412	0.4866
413	0.0193
414	0.1289
415	0.1733
416	0.08298
417	0.0141
418	0.4378
419	0.1973
420	0.03582
421	0.3518
422	0.1054
423	0.09401
424	0.06803
425	0.0662
426	0.2324
427	0.6218
428	0.1288
429	0.1771
430	0.04052
431	0.01959
432	0.03924
433	0.1009
434	0.08673
435	0.3903
436	0.2118
437	0.2467
438	0.004963
439	0.399
440	0.02031
441	0.2203
442	0.1137
443	0.08863
444	0.1648
445	0.3081
446	0.4559
447	0.1791
448	0.1367
449	0.04079
450	0.008414
451	0.1597
452	0.1418
453	0.2147
454	0.03902
455	0.1121
456	0.03466
457	0.08247
458	0.2586
459	0.2067
460	0.07889
461	0.4048
462	0.1031
463	0.009344
464	0.05174
465	0.05991
466	0.1431
467	0.1027
468	0.07291
469	0.2956
470	0.6197
471	0.2706
472	0.4086
473	0.4602
474	0.3519
475	0.08866
476	0.4908
477	0.2884
478	0.07451
479	0.02948
480	0.004362
481	0.3737
482	0.01712
483	0.02758
484	0.02499
485	0.1854
486	0.2062
487	0.1889
488	0.1408
489	0.1533
490	0.3526
491	0.07831
492	0.4469
493	0.2285
494	0.05882
495	0.06762
496	0.7084
497	0.1976
498	0.1139
499	0.254
500	0.1568
251	0.008234
252	0.1648
253	0.04285
254	0.1453
255	0.1942
256	0.6374
257	0.142
258	0.01132
259	0.6468
260	0.357
261	0.2876
262	0.1403
263	0.2832
264	0.2301
265	0.2899
266	0.0331
267	0.08207
268	0.06127
269	0.1065
270	0.02075
271	0.1569
272	0.2995
273	0.4096
274	0.4071
275	0.0975
276	0.1179
277	0.2851
278	0.1384
279	0.181
280	0.1874
281	0.2181
282	0.1728
283	0.1079
284	0.5105
285	0.05413
286	0.4563
287	0.2175
288	0.05062
289	0.5455
290	0.03958
291	0.04373
292	0.3661
293	0.06631
294	0.1013
295	0.3398
296	0.1145
297	0.06336
298	0.06752
299	0.1457
300	0.363
301	0.07042
302	0.2854
303	0.3568
304	0.05214
305	0.0253
306	0.3
307	0.07162
308	0.183
309	0.065
310	0.4421
311	0.08173
312	0.08046
313	0.05934
314	0.4984
315	0.3743
316	0.2033
317	0.0941
318	0.3654
319	0.1416
320	0.03682
321	0.07916
322	0.4784
323	0.05805
324	0.01538
325	0.366
326	0.267
327	0.07617
328	0.2588
329	0.304
330	0.08189
331	0.256
332	0.05994
333	0.4653
334	0.4266
335	0.09583
336	0.3432
337	0.7436
338	0.01065
339	0.1602
340	0.4852
341	0.2574
342	0.5042
343	0.3006
344	0.1063
345	0.1922
346	0.5923
347	0.02888
348	0.28
349	0.233
350	0.3744
351	0.2382
352	0.1725
353	0.4373
354	0.4449
355	0.1265
356	0.06701
357	0.3642
358	0.03921
359	0.1044
360	0.4205
361	0.123
362	0.05393
363	0.7572
364	0.3879
365	0.02134
366	0.4041
367	0.04056
368	0.2719
369	0.1349
370	0.006947
371	0.1731
372	0.2034
373	0.1464
374	0.07593
375	0.2241
376	0.2897
377	0.06176
378	0.1164
379	0.3063
380	0.3815
381	0.03513
382	0.1559
383	0.1082
384	0.3269
385	0.4273
386	0.1055
387	0.1528
388	0.399
389	0.02515
390	0.01754
391	0.09204
392	0.153
393	0.1143
394	0.1166
395	0.02876
396	0.1387
397	0.1363
398	0.04519
399	0.341
400	0.02769
401	0.09054
402	0.3899
403	0.278
404	0.0267
405	0.006731
406	0.562
407	0.04031
408	0.0405
409	0.4333
410	0.1788
411	0.01026
412	0.06142
413	0.3099
414	0.07135
415	0.1897
416	0.2247
417	0.06747
418	0.1551
419	0.08118
420	0.2086
421	0.1294
422	0.1184
423	0.07126
424	0.1799
425	0.1859
426	0.2637
427	0.08257
428	0.2318
429	0.1448
430	0.5975
431	0.1761
432	0.6054
433	0.02562
434	0.4196
435	0.007827
436	0.2543
437	0.404
438	0.4372
439	0.3212
440	0.1383
441	0.1926
442	0.2178
443	0.1854
444	0.2184
445	0.09967
446	0.03296
447	0.3831
448	0.5968
449	0.5485
450	0.08756
451	0.3675
452	0.3085
453	0.03651
454	0.09709
455	0.4889
456	0.04283
457	0.5015
458	0.002055
459	0.1302
460	0.001553
461	0.3606
462	0.3201
463	0.6612
464	0.4438
465	0.2437
466	0.1583
467	0.1691
468	0.37
469	0.1736
470	0.01679
471	0.07661
472	0.02344
473	0.05687
474	0.2603
475	0.8066
476	0.03245
477	0.05737
478	0.3349
479	0.9093
480	0.1542
481	0.1177
482	0.45
483	0.4617
484	0.2737
485	0.08666
486	0.1486
487	0.2666
488	0.06642
489	0.006297
490	0.2207
491	0.2953
492	0.1761
493	0.3003
494	0.2173
495	0.4138
496	0.1423
497	0.2202
498	0.1623
499	0.08902
500	0.2793
251	0.1294
252	0.1152
253	0.5417
254	0.04459
255	0.5066
256	0.1835
257	0.1185
258	0.1205
259	0.5909
260	0.05113
261	0.3046
262	0.3417
263	0.3145
264	0.07738
265	0.1709
266	0.3739
267	0.4204
268	0.8353
269	0.02581
270	0.05875
271	0.2818
272	0.2665
273	0.3273
274	0.4257
275	0.04465
276	0.2508
277	0.1643
278	0.07074
279	0.1817
280	0.253
281	0.05895
282	0.4025
283	0.2393
284	0.1484
285	0.4021
286	0.2336
287	0.3605
288	0.2439
289	0.09176
290	0.1357
291	0.1911
292	0.2596
293	0.03354
294	0.3798
295	0.01169
296	0.1506
297	0.3493
298	0.4515
299	0.1575
300	0.126
301	0.08617
302	0.1759
303	0.2197
304	0.3317
305	0.2945
306	0.03546
307	0.2861
308	0.1091
309	0.2236
310	0.3625
311	0.1094
312	0.3257
313	0.03478
314	0.6872
315	0.0276
316	0.08155
317	0.297
318	0.1303
319	0.5265
320	0.2614
321	0.2706
322	0.5299
323	0.4524
324	0.3334
325	0.3181
326	0.1066
327	0.02042
328	0.06399
329	0.4004
330	0.1494
331	0.442
332	0.1507
333	0.6353
334	0.02541
335	0.2373
336	0.06919
337	0.1031
338	0.6061
339	0.344
340	0.2765
341	0.1792
342	0.1888
343	0.1625
344	0.1374
345	0.1728
346	0.06149
347	0.3655
348	0.2276
349	0.5476
350	0.4984
351	0.76
352	0.02189
353	0.4428
354	0.5196
355	0.5938
356	0.2777
357	0.3153
358	0.03917
359	0.04685
360	0.3282
361	0.1125
362	0.3426
363	0.2072
364	0.3437
365	0.06021
366	0.1773
367	0.2477
368	0.6575
369	0.4077
370	0.4364
371	0.06957
372	0.2263
373	0.685
374	0.2665
375	0.1475
376	0.1728
377	0.4048
378	0.1576
379	0.3286
380	0.07881
381	0.1151
382	0.4713
383	0.2165
384	0.3942
385	0.06275
386	0.1955
387	0.5015
388	0.5283
389	0.02824
390	0.5011
391	0.07284
392	0.0705
393	0.6528
394	0.1097
395	0.0111
396	0.0454
397	0.134
398	0.1364
399	0.06262
400	0.598
401	0.1817
402	0.1506
403	0.09054
404	0.192
405	0.1012
406	0.2777
407	0.1733
408	0.06948
409	0.407
410	0.1172
411	0.267
412	0.1051
413	0.6174
414	0.1291
415	0.06033
416	0.4094
417	0.5449
418	0.1668
419	0.4266
420	0.283
421	0.2301
422	0.4363
423	0.1728
424	0.6221
425	0.07078
426	0.4052
427	0.2284
428	0.01438
429	0.3227
430	0.4714
431	0.3759
432	0.5161
433	0.2058
434	0.01872
435	0.06984
436	0.1277
437	0.346
438	0.2869
439	0.3504
440	0.0241
441	0.7014
442	0.1174
443	0.1142
444	0.2929
445	0.1798
446	0.1383
447	0.09217
448	0.4013
449	0.4514
450	0.202
451	0.1821
452	0.1479
453	0.5339
454	0.08477
455	0.2336
456	0.3234
457	0.03164
458	0.1147
459	0.1281
460	0.236
461	0.6164
462	0.5567
463	0.2524
464	0.2432
465	0.3074
466	0.05716
467	0.07329
468	0.685
469	0.1682
470	0.4927
471	0.2861
472	0.1543
473	0.2147
474	0.197
475	0.517
476	0.1783
477	0.09238
478	0.4773
479	0.02215
480	0.1989
481	0.2739
482	0.344
483	0.2563
484	0.3217
485	0.2625
486	0.1795
487	0.5325
488	0.2497
489	0.02195
490	0.5405
491	0.7294
492	0.4497
493	0.02192
494	0.3478
495	0.1348
496	0.2275
497	0.04508
498	0.2739
499	0.3678
500	0.1164
251	0.1464
252	0.4761
253	0.106
254	0.01325
255	0.3263
256	0.05078
257	0.3946
258	0.007939
259	0.02715
260	0.04261
261	0.04049
262	0.1315
263	0.2933
264	0.4909
265	0.1811
266	0.1789
267	0.05392
268	0.0471
269	0.4496
270	0.3786
271	0.1838
272	0.2181
273	0.2162
274	0.3716
275	0.5662
276	0.4361
277	0.02022
278	0.2779
279	0.5322
280	0.2485
281	0.4339
282	0.1384
283	0.1728
284	0.3713
285	0.2347
286	0.07666
287	0.6053
288	0.2199
289	0.6296
290	0.04608
291	0.02258
292	0.1345
293	0.2865
294	0.2455
295	0.1857
296	0.2503
297	0.2077
298	0.3677
299	0.482
300	0.2427
301	0.4409
302	0.0726
303	0.5621
304	0.2028
305	0.02575
306	0.3872
307	0.4727
308	0.2302
309	0.2425
310	0.07416
311	0.5019
312	0.1212
313	0.5634
314	0.1094
315	0.5866
316	0.01567
317	0.236
318	0.009216
319	0.1632
320	0.5099
321	0.09836
322	0.04088
323	0.065
324	0.1316
325	0.1559
326	0.1515
327	0.03687
328	0.1179
329	0.4131
330	0.5273
331	0.02164
332	0.2669
333	0.2389
334	0.003454
335	0.2762
336	0.058
337	0.3626
338	0.03461
339	0.07447
340	0.1625
341	0.3075
342	0.1891
343	0.1371
344	0.1419
345	0.2287
346	0.1376
347	0.06531
348	0.3472
349	0.0495
350	0.09128
351	0.02021
352	0.09824
353	0.01484
354	0.1034
355	0.1363
356	0.4056
357	0.356
358	0.06779
359	0.2566
360	0.2135
361	0.1798
362	0.08489
363	0.1869
364	0.01661
365	0.2477
366	0.235
367	0.1589
368	0.108
369	0.1624
370	0.2521
371	0.2854
372	0.1418
373	0.08652
374	0.01827
375	0.2077
376	0.461
377	0.0823
378	0.01416
379	0.1551
380	0.1106
381	0.1018
382	0.04311
383	0.09976
384	0.05874
385	0.06274
386	0.04998
387	0.2358
388	0.07032
389	0.141
390	0.2443
391	0.4083
392	0.0506
393	0.1877
394	0.04112
395	0.7407
396	0.7088
397	0.00336
398	0.08841
399	0.4773
400	0.09205
401	0.3446
402	0.4261
403	0.4672
404	0.2106
405	0.2877
406	0.2102
407	0.2777
408	0.1739
409	0.2198
410	0.339
411	0.1066
412	0.1213
413	0.1611
414	0.1866
415	0.2009
416	0.3288
417	0.1452
418	0.1039
419	0.2067
420	0.343
421	0.2238
422	0.2086
423	0.3503
424	0.1126
425	0.09334
426	0.153
427	0.1227
428	0.08894
429	0.3909
430	0.1061
431	0.03053
432	0.1614
433	0.2756
434	0.3253
435	0.2874
436	0.1608
437	0.2848
438	0.5014
439	0.04134
440	0.2748
441	0.02883
442	0.08879
443	0.2244
444	0.3751
445	0.1084
446	0.2306
447	0.289
448	0.1522
449	0.2637
450	0.4313
451	0.1321
452	0.331
453	0.2775
454	0.3472
455	0.1308
456	0.1852
457	0.06645
458	0.1447
459	0.3543
460	0.1563
461	0.1277
462	0.2697
463	0.1754
464	0.1557
465	0.2381
466	0.2044
467	0.5265
468	0.03984
469	0.02595
470	0.07823
471	0.04985
472	0.08094
473	0.0424
474	0.07695
475	0.1556
476	0.2588
477	0.3692
478	0.08416
479	0.2528
480	0.2328
481	0.1987
482	0.06719
483	0.4657
484	0.01619
485	0.363
486	0.5782
487	0.09372
488	0.481
489	0.2269
490	0.3034
491	0.05894
492	0.1087
493	0.1585
494	0.2868
495	0.03906
496	0.3256
497	0.2919
498	0.0626
499	0.2061
500	0.4667
251	0.1506
252	0.05489
253	0.2643
254	0.251
255	0.1533
256	0.7582
257	0.1986
258	0.7048
259	0.2084
260	0.05256
261	0.3715
262	0.4754
263	0.1294
264	0.073
265	0.07224
266	0.1582
267	0.1307
268	0.07848
269	0.2289
270	0.4784
271	0.1714
272	0.2559
273	0.1172
274	0.2001
275	0.1832
276	0.07621
277	0.7384
278	0.5311
279	0.1711
280	0.04427
281	0.1729
282	0.2709
283	0.01092
284	0.2939
285	0.2987
286	0.314
287	0.01698
288	0.2037
289	0.2048
290	0.6127
291	0.6991
292	0.3281
293	0.2093
294	0.02536
295	0.5458
296	0.4559
297	0.1421
298	0.1503
299	0.06929
300	0.2092
301	0.3741
302	0.1612
303	0.1263
304	0.3685
305	0.5708
306	0.2092
307	0.1598
308	0.004334
309	0.1623
310	0.4278
311	0.1244
312	0.08475
313	0.1127
314	0.08701
315	0.01382
316	0.2368
317	0.3169
318	0.3049
319	0.2691
320	0.1769
321	0.1499
322	0.1191
323	0.439
324	0.3891
325	0.5132
326	0.5044
327	0.2802
328	0.4539
329	0.131
330	0.1005
331	0.2068
332	0.4388
333	0.1016
334	0.32
335	0.09842
336	0.3354
337	0.3687
338	0.1465
339	0.003992
340	0.1168
341	0.4363
342	0.4837
343	0.1736
344	0.4203
345	0.4799
346	0.3605
347	0.2441
348	0.09745
349	0.2198
350	0.2143
351	0.01837
352	0.0588
353	0.4952
354	0.2517
355	0.2242
356	0.0481
357	0.1121
358	0.8702
359	0.102
360	0.3699
361	0.5306
362	0.3299
363	0.4196
364	0.1805
365	0.4457
366	0.1812
367	0.4988
368	0.1562
369	0.2072
370	0.3112
371	0.2529
372	0.0909
373	0.1331
374	0.2357
375	0.5316
376	0.2776
377	0.2989
378	0.0824
379	0.0695
380	0.2408
381	0.5106
382	0.07003
383	0.4518
384	0.2265
385	0.1976
386	0.7054
387	0.05214
388	0.3475
389	0.1685
390	0.04245
391	0.4461
392	0.1151
393	0.1562
394	0.03262
395	0.1495
396	0.03909
397	0.1836
398	0.09333
399	0.2509
400	0.05128
401	0.07557
402	0.0189
403	0.3856
404	0.1629
405	0.3689
406	0.1787
407	0.2028
408	0.4811
409	0.2249
410	0.06873
411	0.5535
412	0.6227
413	0.1095
414	0.1655
415	0.3508
416	0.1965
417	0.06589
418	0.6044
419	0.2885
420	0.1112
421	0.4583
422	0.1865
423	0.3015
424	0.04544
425	0.2493
426	0.05915
427	0.2092
428	0.3616
429	0.1476
430	0.1279
431	0.5575
432	0.07838
433	0.1169
434	0.5733
435	0.5562
436	0.1757
437	0.161
438	0.1382
439	0.3374
440	0.278
441	0.2093
442	0.3876
443	0.1044
444	0.1607
445	0.5199
446	0.08182
447	0.4932
448	0.4263
449	0.1016
450	0.1157
451	0.5538
452	0.3705
453	0.1384
454	0.3472
455	0.3178
456	0.2005
457	0.187
458	0.01119
459	0.2548
460	0.4799
461	0.1858
462	0.03654
463	0.1029
464	0.4444
465	0.3375
466	0.2436
467	0.3085
468	0.2077
469	0.303
470	0.05164
471	0.1046
472	0.7291
473	0.7395
474	0.3048
475	0.171
476	0.4275
477	0.001248
478	0.3333
479	0.4812
480	0.268
481	0.1016
482	0.5468
483	0.1531
484	0.135
485	0.166
486	0.1585
487	0.3093
488	0.1921
489	0.3282
490	0.09992
491	0.1628
492	0.3653
493	0.7164
494	0.06472
495	0.2011
496	0.1491
497	0.471
498	0.1854
499	0.1493
500	0.1488
251	0.5736
252	0.3538
253	0.08794
254	0.6912
255	0.01382
256	0.007512
257	0.2884
258	0.1667
259	0.1735
260	0.8537
261	0.2834
262	0.05139
263	0.2628
264	0.3587
265	0.5758
266	0.289
267	0.395
268	0.03909
269	0.2957
270	0.08421
271	0.363
272	0.2595
273	0.3393
274	0.002692
275	0.206
276	0.2369
277	0.07709
278	0.1203
279	0.115
280	0.4543
281	0.3343
282	0.1883
283	0.577
284	0.1864
285	0.06441
286	0.3757
287	0.01718
288	0.3324
289	0.07385
290	0.2055
291	0.08714
292	0.2778
293	0.4706
294	0.3494
295	0.2568
296	0.1433
297	0.3009
298	0.03053
299	0.2913
300	0.4221
301	0.09885
302	0.5902
303	0.09183
304	0.09692
305	0.1089
306	0.3681
307	0.08137
308	0.6564
309	0.3715
310	0.1355
311	0.2643
312	0.4683
313	0.2891
314	0.1164
315	0.372
316	0.666
317	0.1502
318	0.5556
319	0.04121
320	0.05182
321	0.4812
322	0.3102
323	0.04365
324	0.1459
325	0.01276
326	0.2374
327	0.6625
328	0.3642
329	0.05553
330	0.2227
331	0.3296
332	0.1436
333	0.02424
334	0.6511
335	0.3882
336	0.5374
337	0.1656
338	0.2128
339	0.5776
340	0.4442
341	0.07701
342	0.1384
343	0.5268
344	0.3004
345	0.1187
346	0.4404
347	0.325
348	0.3277
349	0.1831
350	0.196
351	0.2014
352	0.8211
353	0.04716
354	0.1253
355	0.04569
356	0.2686
357	0.2165
358	0.02284
359	0.5946
360	0.0884
361	0.1771
362	0.2426
363	0.1863
364	0.4591
365	0.2463
366	0.4065
367	0.09465
368	0.07823
369	0.2227
370	2.811E-4
371	0.3921
372	0.541
373	0.09536
374	0.4795
375	0.1132
376	0.08871
377	0.2141
378	0.7458
379	0.4468
380	0.5697
381	0.2725
382	0.4155
383	0.2319
384	0.3206
385	0.6769
386	0.04914
387	0.2106
388	0.05386
389	0.6623
390	0.2122
391	0.07275
392	0.7638
393	0.003263
394	0.8165
395	0.09869
396	0.2067
397	0.6791
398	0.6818
399	0.2091
400	0.2586
401	0.3981
402	0.4044
403	0.05664
404	0.4344
405	0.2422
406	0.3334
407	0.3461
408	0.2755
409	0.1482
410	0.475
411	0.07294
412	0.1509
413	0.112
414	0.5189
415	0.388
416	0.06531
417	0.244
418	0.1249
419	0.07824
420	0.2627
421	0.08784
422	0.1686
423	0.1754
424	0.2199
425	0.5866
426	0.3827
427	0.4398
428	0.5351
429	0.1388
430	0.2947
431	0.03598
432	0.2441
433	0.4017
434	0.08262
435	0.08653
436	0.5357
437	0.2082
438	0.0735
439	0.2708
440	0.4231
441	0.06043
442	0.4062
443	0.5569
444	0.1712
445	0.192
446	0.5493
447	0.1255
448	0.02008
449	0.1833
450	0.251
451	0.132
452	0.1506
453	0.0503
454	0.2208
455	0.3178
456	0.2908
457	0.7149
458	0.7295
459	0.2628
460	0.1279
461	0.07015
462	0.137
463	0.4693
464	0.1568
465	0.117
466	0.4949
467	0.09177
468	0.06747
469	0.5029
470	0.3774
471	0.5594
472	0.03558
473	0.003367
474	0.4213
475	0.1564
476	0.1354
477	0.5372
478	0.1053
479	0.2439
480	0.3003
481	0.4258
482	0.04193
483	0.1248
484	0.5272
485	0.2085
486	0.08381
487	0.06441
488	0.07725
489	0.423
490	0.05622
491	0.04886
492	0.07632
493	0.1031
494	0.3007
495	0.625
496	0.2979
497	0.192
498	0.4781
499	0.2768
500	0.2681
251	0.0692
252	0.05856
253	0.1533
254	0.2667
255	0.08031
256	0.0414
257	0.1392
258	0.03723
259	0.4095
260	0.02731
261	0.07745
262	0.1599
263	0.04268
264	0.07937
265	0.52
266	0.1838
267	0.01263
268	0.1579
269	0.3241
270	0.5689
271	0.07578
272	0.2139
273	0.09883
274	0.06178
275	0.2287
276	0.004765
277	0.3289
278	0.1558
279	0.0342
280	0.3044
281	0.09672
282	0.09304
283	0.3999
284	0.2111
285	0.1749
286	0.3999
287	0.07416
288	0.2166
289	0.1405
290	0.3598
291	0.1751
292	0.2847
293	0.02544
294	0.1474
295	0.2365
296	0.1286
297	0.0564
298	0.3592
299	0.3491
300	8.899E-4
301	0.2144
302	0.2242
303	0.06047
304	0.06106
305	0.3884
306	0.03338
307	0.1322
308	0.5193
309	0.1497
310	0.1363
311	0.03695
312	0.03976
313	0.1466
314	0.1283
315	0.02761
316	0.2529
317	0.1256
318	0.1278
319	0.08399
320	0.3622
321	0.3488
322	0.1093
323	0.04315
324	0.1253
325	0.1981
326	0.1441
327	0.2223
328	0.147
329	0.0345
330	0.08047
331	0.0794
332	0.07564
333	0.231
334	0.02648
335	0.09795
336	0.2745
337	0.1783
338	0.09146
339	0.06608
340	0.03687
341	0.2967
342	0.06773
343	0.1287
344	0.2243
345	0.1142
346	0.1436
347	0.2774
348	0.1916
349	0.2004
350	0.2189
351	0.06371
352	0.2076
353	0.346
354	0.2013
355	0.1872
356	0.09193
357	0.01221
358	0.006161
359	0.177
360	0.1038
361	0.1429
362	0.121
363	0.2212
364	0.1316
365	0.4612
366	0.08777
367	0.1939
368	0.05391
369	0.2876
370	0.3391
371	0.2128
372	0.2817
373	0.4577
374	0.02573
375	0.3634
376	0.06659
377	0.05494
378	0.4414
379	0.2271
380	0.02462
381	0.3343
382	0.02135
383	0.04729
384	0.06394
385	0.135
386	0.1859
387	0.1071
388	0.05447
389	0.04908
390	0.345
391	0.03796
392	0.2263
393	0.1255
394	0.1192
395	0.1661
396	0.0932
397	0.003889
398	0.02674
399	0.1471
400	0.2326
401	0.1245
402	0.2008
403	0.02001
404	0.115
405	0.2638
406	0.1873
407	0.1616
408	0.03418
409	0.05635
410	0.1348
411	0.3562
412	0.1303
413	0.4501
414	0.08285
415	0.1671
416	0.08396
417	0.1789
418	0.1874
419	0.4336
420	0.08306
421	0.3054
422	0.4742
423	0.05224
424	0.2185
425	0.04896
426	0.1073
427	0.1522
428	0.1406
429	0.1528
430	0.4452
431	0.3675
432	0.2028
433	0.03882
434	0.1998
435	0.1252
436	0.04138
437	0.01699
438	0.1245
439	0.2977
440	0.1109
441	0.1249
442	0.1997
443	0.5351
444	0.3073
445	0.263
446	0.124
447	0.07201
448	0.01001
449	0.2341
450	0.1281
451	0.02578
452	0.1846
453	0.2137
454	0.08147
455	0.2174
456	0.2595
457	0.03695
458	0.1338
459	0.0703
460	0.2466
461	0.2015
462	0.4653
463	0.1262
464	0.2337
465	0.09201
466	0.01715
467	0.3974
468	0.2077
469	0.283
470	0.2376
471	0.1552
472	0.08665
473	0.267
474	0.102
475	0.4089
476	0.09812
477	0.1784
478	0.02246
479	0.02606
480	0.0483
481	0.1652
482	0.2843
483	0.1933
484	0.1245
485	0.6923
486	0.2034
487	0.1212
488	0.1
489	0.2034
490	0.1133
491	0.5127
492	0.144
493	0.2671
494	0.02248
495	0.05605
496	0.1315
497	0.6474
498	0.332
499	0.09244
500	0.04997
251	0.3876
252	0.01807
253	0.4097
254	0.4736
255	0.5732
256	0.5024
257	0.3906
258	0.09986
259	0.07323
260	0.3067
261	0.1155
262	0.1871
263	0.483
264	0.3176
265	0.1809
266	0.7157
267	0.6735
268	0.6512
269	0.3044
270	0.1602
271	0.2425
272	0.3601
273	0.06541
274	0.6556
275	0.127
276	0.4316
277	0.1964
278	0.1643
279	0.6462
280	0.3047
281	0.3236
282	0.4357
283	0.1253
284	0.4031
285	0.4716
286	0.03858
287	0.1327
288	0.01393
289	0.5773
290	0.1765
291	0.1253
292	0.2142
293	0.1733
294	0.5177
295	0.4923
296	0.2738
297	0.4849
298	0.1602
299	0.1455
300	0.6132
301	0.1018
302	0.352
303	0.1096
304	0.3318
305	0.1233
306	0.001286
307	0.3196
308	0.08183
309	0.2458
310	0.08727
311	0.7987
312	0.2814
313	0.1869
314	0.2859
315	0.1138
316	0.3789
317	0.4167
318	0.1867
319	0.1891
320	0.5055
321	0.2805
322	0.2545
323	0.5822
324	0.4046
325	0.3963
326	0.04074
327	0.4416
328	0.2089
329	0.1319
330	0.5593
331	0.2571
332	0.5806
333	0.2339
334	0.118
335	0.0935
336	0.5283
337	0.3905
338	0.1974
339	0.161
340	0.1662
341	0.4234
342	0.2241
343	0.1962
344	0.4437
345	0.2563
346	0.1682
347	0.3714
348	0.3792
349	0.2994
350	0.2722
351	0.1104
352	0.3166
353	0.2587
354	0.2887
355	0.1086
356	0.7263
357	0.293
358	0.4871
359	0.577
360	0.65
361	0.6416
362	0.3626
363	0.2032
364	0.3043
365	0.1921
366	0.3334
367	0.2707
368	0.2014
369	0.1494
370	0.02317
371	0.1952
372	0.3796
373	0.338
374	0.4127
375	0.0941
376	0.7066
377	0.5899
378	0.3534
379	0.1209
380	0.1973
381	0.5759
382	0.3083
383	0.6507
384	0.1741
385	0.5464
386	0.2593
387	0.2946
388	0.3275
389	0.4516
390	0.2783
391	0.1972
392	0.6028
393	0.3302
394	0.6238
395	0.2042
396	0.1389
397	0.646
398	0.6079
399	0.3748
400	0.5032
401	0.004268
402	0.0578
403	0.6248
404	0.3666
405	0.5702
406	0.3674
407	0.3918
408	0.4416
409	0.123
410	0.398
411	0.2237
412	0.3351
413	0.07883
414	0.1619
415	0.1385
416	0.1908
417	0.285
418	0.139
419	0.113
420	0.2174
421	0.3291
422	0.01898
423	0.6909
424	0.4669
425	0.1702
426	0.8383
427	0.1906
428	0.3263
429	0.3549
430	0.04814
431	0.4126
432	0.3993
433	0.01707
434	0.337
435	0.2302
436	0.5395
437	0.2079
438	0.2314
439	0.5607
440	0.3951
441	0.3506
442	0.169
443	0.04238
444	0.6035
445	0.2859
446	0.6166
447	0.3011
448	0.1751
449	0.1825
450	0.218
451	0.5727
452	0.2335
453	0.3433
454	0.04787
455	0.4461
456	0.5442
457	0.3144
458	0.75
459	0.2632
460	0.2962
461	0.4327
462	0.3184
463	0.2935
464	0.08028
465	0.2442
466	0.1623
467	0.0323
468	0.189
469	0.4241
470	0.3952
471	0.1159
472	0.06264
473	0.3644
474	0.4169
475	0.1922
476	0.5919
477	0.1961
478	0.1568
479	0.0116
480	0.4927
481	0.4318
482	0.08437
483	0.08119
484	0.2596
485	0.1033
486	0.2047
487	0.3721
488	0.3117
489	0.3005
490	0.3549
491	0.3283
492	0.05585
493	0.4415
494	0.4821
495	0.0872
496	0.2745
497	0.2392
498	0.4678
499	0.849
500	0.3675
251	0.346
252	0.4181
253	0.3486
254	0.2077
255	0.2134
256	0.3799
257	0.2764
258	0.6203
259	0.4806
260	0.5617
261	0.8042
262	0.43
263	0.4629
264	0.4048
265	0.1827
266	0.09519
267	0.2936
268	0.1443
269	0.3578
270	0.2228
271	0.15
272	0.1784
273	0.4801
274	0.1223
275	0.3547
276	0.3318
277	0.1886
278	0.1494
279	0.1146
280	0.1101
281	0.4874
282	0.1411
283	0.3325
284	0.1911
285	0.334
286	0.4939
287	0.4341
288	0.5539
289	0.2557
290	0.0192
291	0.685
292	0.498
293	0.03711
294	0.3311
295	0.1224
296	0.424
297	0.4503
298	0.04751
299	0.1003
300	0.03855
301	0.5892
302	0.03757
303	0.3567
304	0.534
305	0.3945
306	0.4116
307	0.2667
308	0.375
309	0.3752
310	0.357
311	0.03287
312	0.4126
313	0.1534
314	0.1685
315	0.8475
316	0.3453
317	0.295
318	0.108
319	0.03685
320	0.03763
321	0.2381
322	0.2929
323	0.3205
324	0.01778
325	0.06573
326	0.3633
327	0.235
328	0.5707
329	0.4187
330	0.1318
331	0.5282
332	0.125
333	0.08352
334	0.7344
335	0.6174
336	0.1575
337	0.3707
338	0.03004
339	0.3035
340	0.7209
341	0.03892
342	0.5135
343	0.5875
344	0.1877
345	0.2615
346	0.3441
347	0.197
348	0.109
349	0.4775
350	0.3222
351	0.6895
352	0.4523
353	0.2021
354	0.3487
355	0.5928
356	0.1223
357	0.5395
358	0.4136
359	0.1663
360	0.1997
361	0.1019
362	0.2061
363	0.1017
364	0.5282
365	0.2083
366	0.4912
367	0.3432
368	0.1223
369	0.3195
370	0.4256
371	0.4277
372	0.2459
373	0.01328
374	0.1085
375	0.08977
376	0.1137
377	0.1351
378	0.03927
379	0.6108
380	0.526
381	0.009675
382	0.2409
383	0.2326
384	0.03816
385	0.2483
386	0.4781
387	0.5413
388	0.6009
389	0.4257
390	0.3655
391	0.5442
392	0.147
393	0.1542
394	0.1405
395	0.5221
396	0.5498
397	0.04054
398	0.2713
399	0.2591
400	0.07669
401	0.5495
402	0.5624
403	0.2338
404	0.3276
405	0.13
406	0.01916
407	0.3056
408	0.2504
409	0.3641
410	0.0123
411	0.131
412	0.1573
413	0.3921
414	0.6781
415	0.6341
416	0.1105
417	0.4444
418	0.3688
419	0.1294
420	0.1466
421	0.3278
422	0.1543
423	0.03939
424	0.03927
425	0.5491
426	0.04139
427	0.5307
428	0.3609
429	0.3352
430	0.4364
431	0.1573
432	0.2811
433	0.7099
434	0.1545
435	0.4294
436	0.1075
437	0.4741
438	0.01502
439	0.132
440	0.401
441	0.4439
442	0.3928
443	0.3319
444	0.04032
445	0.06488
446	0.2497
447	0.5207
448	0.1661
449	0.3482
450	0.3589
451	0.1573
452	0.5497
453	0.4097
454	0.06294
455	0.1167
456	0.01373
457	0.2265
458	0.01838
459	0.2004
460	0.2828
461	0.04506
462	0.08056
463	0.2358
464	0.1713
465	0.6319
466	0.4855
467	0.3682
468	0.6013
469	0.2748
470	0.0978
471	0.279
472	0.4615
473	0.3522
474	0.3515
475	0.2878
476	0.02803
477	0.08659
478	0.5684
479	0.02399
480	0.3805
481	0.05319
482	0.1468
483	0.3125
484	0.4513
485	0.1211
486	0.5358
487	0.2872
488	0.4194
489	0.1444
490	0.2359
491	0.04724
492	0.7612
493	0.125
494	0.4741
495	0.7216
496	0.2469
497	0.07607
498	0.1768
499	0.004307
500	0.4851
251	0.1972
252	0.5053
253	0.08839
254	0.05191
255	0.133
256	0.07627
257	0.1939
258	0.2426
259	0.03668
260	0.1043
261	0.002935
262	0.223
263	0.01144
264	0.1982
265	0.1163
266	0.005245
267	0.02025
268	0.04652
269	0.01373
270	0.04818
271	0.5317
272	0.2477
273	0.3557
274	0.1604
275	0.2896
276	0.2319
277	0.286
278	0.5305
279	0.205
280	0.2808
281	0.09221
282	0.3302
283	0.1423
284	0.1946
285	0.01957
286	0.06765
287	0.359
288	0.2156
289	0.02651
290	0.4445
291	0.01465
292	0.003136
293	0.7642
294	0.003859
295	0.1488
296	0.1736
297	0.008337
298	0.4331
299	0.4051
300	0.3474
301	0.09461
302	0.3862
303	0.4732
304	0.07317
305	0.09378
306	0.5538
307	0.2815
308	0.02389
309	0.2293
310	0.4194
311	0.1315
312	0.2662
313	0.5132
314	0.4173
315	0.01106
316	0.02287
317	0.1627
318	0.5774
319	0.69
320	0.09472
321	0.1326
322	0.3434
323	0.05412
324	0.4524
325	0.3399
326	0.4519
327	0.1012
328	0.07344
329	0.4149
330	0.2283
331	0.1353
332	0.2187
333	0.4515
334	0.1212
335	0.1912
336	0.03975
337	0.06047
338	0.6811
339	0.4694
340	0.07604
341	0.2409
342	0.1946
343	0.08761
344	0.1443
345	0.368
346	0.344
347	0.1543
348	0.3202
349	0.02261
350	0.1867
351	0.1364
352	0.02353
353	0.1932
354	0.1613
355	0.1114
356	0.05949
357	0.1553
358	0.09316
359	0.07974
360	0.04645
361	0.1136
362	0.3104
363	0.4738
364	0.03596
365	0.1384
366	0.08765
367	0.1922
368	0.6224
369	0.2435
370	0.2121
371	0.1642
372	0.09284
373	0.191
374	0.4531
375	0.4527
376	0.1131
377	0.22
378	0.166
379	0.04125
380	0.2521
381	0.08014
382	0.4295
383	0.06945
384	0.7238
385	0.07037
386	0.07674
387	0.05699
388	0.01717
389	0.07361
390	0.01122
391	0.2207
392	0.02398
393	0.3901
394	0.1165
395	0.1076
396	0.218
397	0.3096
398	0.09405
399	0.2191
400	0.1875
401	0.3217
402	0.1791
403	0.1213
404	0.1908
405	0.03597
406	0.4261
407	0.141
408	0.2738
409	0.4566
410	0.4549
411	0.2891
412	0.3772
413	0.07896
414	0.07715
415	0.06032
416	0.6147
417	0.0917
418	0.3047
419	0.3239
420	0.553
421	0.03764
422	0.3525
423	0.2174
424	0.2753
425	0.2318
426	0.01298
427	0.1265
428	0.1723
429	0.1571
430	0.07022
431	0.06257
432	0.1169
433	0.2342
434	0.3087
435	0.2153
436	0.3116
437	0.301
438	0.6291
439	0.009587
440	0.09304
441	0.0807
442	0.2385
443	0.09064
444	0.04888
445	0.3862
446	0.009696
447	0.1062
448	0.6487
449	0.2352
450	0.295
451	0.2442
452	0.03218
453	0.03317
454	0.8077
455	0.2197
456	0.1825
457	0.4221
458	0.09784
459	0.4661
460	0.1743
461	0.3207
462	0.1357
463	0.3445
464	0.5147
465	0.03192
466	0.335
467	0.2021
468	0.002019
469	0.0181
470	0.2694
471	0.4499
472	0.3892
473	0.0164
474	0.1296
475	0.1111
476	0.2819
477	0.5389
478	0.2523
479	0.9384
480	0.07852
481	0.3499
482	0.4845
483	0.413
484	0.1646
485	0.08327
486	0.05614
487	0.2195
488	0.1689
489	0.3518
490	0.2958
491	0.1117
492	0.03902
493	0.1663
494	0.02127
495	0.1351
496	0.347
497	0.03734
498	0.02332
499	0.05422
500	0.0975
251	0.237
252	0.1406
253	0.05709
254	0.4683
255	0.1925
256	0.3923
257	0.2402
258	0.1102
259	0.7595
260	0.4333
261	0.2766
262	0.2022
263	0.07862
264	0.03345
265	0.6578
266	0.02184
267	0.2866
268	0.07494
269	0.08274
270	0.6024
271	0.5806
272	0.5284
273	0.08297
274	0.1298
275	0.06227
276	0.2206
277	0.159
278	0.6683
279	0.1166
280	0.8015
281	0.06084
282	0.2879
283	0.1051
284	0.1916
285	0.3158
286	0.1599
287	0.06541
288	0.2917
289	0.7776
290	0.4179
291	0.2324
292	0.1723
293	0.09511
294	0.09861
295	0.07115
296	0.006176
297	0.2374
298	0.684
299	0.3862
300	0.3869
301	0.2861
302	0.4112
303	0.509
304	0.3208
305	0.3222
306	0.1623
307	0.2291
308	0.5505
309	0.361
310	0.1376
311	0.6141
312	0.01843
313	0.1934
314	0.09216
315	0.03069
316	0.2665
317	0.2769
318	0.09072
319	0.5266
320	0.6154
321	0.162
322	0.2174
323	0.4579
324	0.1434
325	0.5814
326	0.5778
327	0.3444
328	0.2399
329	0.3017
330	0.0534
331	0.2806
332	0.4132
333	0.5181
334	0.06816
335	0.3231
336	0.4791
337	0.646
338	0.1277
339	0.08027
340	0.388
341	0.005782
342	0.3966
343	0.323
344	0.3303
345	0.4823
346	0.1197
347	0.3721
348	0.7442
349	0.2328
350	0.203
351	0.2275
352	0.6958
353	0.2334
354	0.2561
355	0.2244
356	0.3298
357	0.09953
358	0.4989
359	0.09802
360	0.09498
361	0.193
362	0.486
363	0.1038
364	0.6449
365	0.1447
366	0.1375
367	0.01121
368	0.1482
369	0.6139
370	0.8516
371	0.0711
372	0.6899
373	0.5208
374	0.3263
375	0.05581
376	0.07516
377	0.5597
378	0.5206
379	0.4749
380	0.4248
381	0.001578
382	0.599
383	0.1794
384	0.3218
385	0.4006
386	0.5378
387	0.03767
388	0.4118
389	0.04277
390	0.182
391	0.02115
392	0.03652
393	0.4193
394	0.2069
395	0.206
396	0.08888
397	0.3656
398	0.1673
399	0.1061
400	0.01024
401	0.4047
402	0.211
403	0.1309
404	0.3975
405	0.1359
406	0.1825
407	0.008842
408	0.2627
409	0.1496
410	0.5632
411	0.1278
412	0.4684
413	0.2229
414	0.4966
415	0.1924
416	0.3263
417	0.3401
418	0.05336
419	0.06137
420	0.06525
421	0.4459
422	0.2871
423	0.01064
424	0.6161
425	0.5602
426	0.4401
427	0.2609
428	0.2706
429	0.7572
430	0.252
431	0.4882
432	0.7222
433	0.1328
434	0.149
435	0.4196
436	0.3493
437	0.02104
438	0.2924
439	0.1361
440	0.09646
441	0.2569
442	0.2286
443	0.2693
444	0.3063
445	0.002216
446	0.6617
447	0.2221
448	0.3275
449	0.6616
450	0.01299
451	0.08309
452	0.156
453	0.3925
454	0.4032
455	0.003681
456	0.5161
457	0.7002
458	0.09428
459	0.196
460	0.1341
461	0.2813
462	0.6922
463	0.1355
464	0.3611
465	0.04077
466	0.1911
467	0.09859
468	0.3833
469	0.5845
470	0.5404
471	0.1134
472	0.4095
473	0.05561
474	0.132
475	0.1177
476	0.07782
477	0.2679
478	0.1279
479	0.01718
480	0.1996
481	0.2742
482	0.6426
483	0.2047
484	0.7467
485	0.3415
486	0.3327
487	0.326
488	0.2165
489	0.1662
490	0.05274
491	0.114
492	0.2069
493	0.03579
494	0.4794
495	0.2316
496	0.1798
497	0.1449
498	0.1088
499	0.1929
500	0.2533
251	0.001255
252	0.1356
253	0.1596
254	0.02652
255	0.3307
256	0.3655
257	0.3328
258	0.1713
259	0.09501
260	0.07236
261	0.103
262	0.1551
263	0.1475
264	0.1734
265	0.08392
266	0.01969
267	0.2611
268	0.1075
269	0.1888
270	0.04241
271	0.2144
272	0.04676
273	0.1555
274	0.1884
275	0.4616
276	0.1825
277	6.735E-4
278	0.1718
279	0.1838
280	0.1002
281	0.1813
282	0.07618
283	0.7764
284	0.01848
285	0.4044
286	0.07967
287	0.1962
288	0.09683
289	0.1895
290	0.1062
291	0.02518
292	0.5305
293	0.1218
294	0.2515
295	0.2258
296	0.6435
297	0.1206
298	0.05485
299	0.02559
300	0.0427
301	0.1347
302	0.02286
303	0.1987
304	0.01264
305	0.01914
306	0.6486
307	0.2293
308	0.1149
309	0.2026
310	0.01143
311	0.1177
312	0.2404
313	0.4259
314	0.307
315	0.1284
316	0.1574
317	0.2731
318	0.5588
319	0.3147
320	0.06383
321	0.09189
322	0.2896
323	0.0721
324	0.05299
325	0.05655
326	0.2439
327	0.5031
328	0.413
329	0.0884
330	0.06519
331	0.5968
332	0.1963
333	0.08805
334	0.02217
335	0.01797
336	0.231
337	0.009883
338	0.04508
339	0.124
340	0.02197
341	0.3153
342	0.01219
343	0.08196
344	0.1616
345	0.1974
346	0.138
347	0.09752
348	0.09798
349	0.2791
350	0.1523
351	0.1812
352	0.08416
353	0.6354
354	0.0969
355	0.1384
356	0.06017
357	0.01369
358	0.08286
359	0.05989
360	0.3442
361	0.05424
362	0.408
363	0.03534
364	0.04853
365	0.04118
366	0.652
367	0.4567
368	0.3457
369	0.1821
370	0.07337
371	0.1548
372	0.2882
373	0.04815
374	0.2104
375	0.2757
376	0.05399
377	0.1652
378	0.2078
379	0.143
380	0.3838
381	0.09237
382	0.1018
383	0.154
384	0.1757
385	0.04006
386	0.3221
387	0.1761
388	0.1586
389	0.4308
390	0.4985
391	0.5087
392	0.2635
393	0.1789
394	0.496
395	0.5193
396	0.4872
397	0.03724
398	0.3926
399	0.6226
400	0.3233
401	0.002258
402	0.2862
403	0.2298
404	0.02586
405	0.252
406	0.3645
407	0.1218
408	0.1981
409	0.08509
410	0.005446
411	0.1426
412	0.3767
413	0.06289
414	0.1762
415	0.1203
416	0.07049
417	0.08463
418	0.4647
419	0.5862
420	0.1574
421	0.0884
422	0.4767
423	0.3886
424	0.1849
425	0.1963
426	0.2081
427	0.2973
428	0.03874
429	0.06126
430	0.07131
431	0.006229
432	0.001821
433	0.1951
434	0.1144
435	0.1634
436	0.1193
437	0.243
438	0.2222
439	0.03199
440	0.3291
441	0.5821
442	0.01843
443	0.1843
444	0.2102
445	0.3257
446	0.1075
447	0.6614
448	0.004654
449	0.001007
450	0.1482
451	0.5379
452	0.1807
453	0.1225
454	0.08213
455	0.03804
456	0.09242
457	0.03272
458	0.1261
459	0.1708
460	0.622
461	0.009527
462	0.04792
463	0.2998
464	0.4906
465	0.4631
466	0.007317
467	0.1719
468	0.02154
469	0.06504
470	0.3171
471	0.001031
472	0.2766
473	0.1889
474	0.02836
475	0.04375
476	0.4146
477	0.2477
478	0.004569
479	0.1704
480	0.113
481	0.004015
482	9.455E-4
483	0.1417
484	0.004219
485	0.3807
486	0.2149
487	0.1302
488	0.5885
489	0.2056
490	0.1652
491	0.5093
492	0.3813
493	0.2821
494	0.2596
495	0.178
496	0.05225
497	0.1801
498	0.02104
499	0.3642
500	0.1344
251	0.06089
252	0.6224
253	0.04274
254	0.05656
255	0.1674
256	0.04217
257	0.1486
258	0.6383
259	0.04318
260	0.35
261	0.5939
262	0.4798
263	0.2912
264	0.5012
265	0.05302
266	0.4549
267	0.05318
268	0.6003
269	0.5154
270	0.2719
271	0.09152
272	0.1986
273	0.7443
274	0.2198
275	0.1468
276	0.4491
277	0.3818
278	0.1227
279	0.5235
280	0.09808
281	0.1892
282	0.02987
283	0.1157
284	0.1235
285	0.07248
286	0.1681
287	0.06566
288	0.2098
289	0.02211
290	0.2386
291	0.1476
292	0.281
293	0.2086
294	0.1709
295	0.05746
296	0.2359
297	0.1437
298	0.1646
299	0.3382
300	0.002994
301	0.08926
302	0.1365
303	0.1614
304	0.07154
305	0.0396
306	0.1644
307	0.1958
308	0.1221
309	0.07496
310	0.094
311	0.03138
312	0.5167
313	0.108
314	0.2281
315	0.1443
316	0.01104
317	0.1595
318	0.1395
319	0.06
320	0.08186
321	0.6184
322	0.2807
323	0.3082
324	0.2158
325	0.0244
326	0.153
327	0.05749
328	0.2813
329	0.06075
330	0.1115
331	0.09861
332	0.005524
333	0.01285
334	0.2338
335	0.1053
336	0.005296
337	0.0386
338	0.003694
339	0.02912
340	0.2826
341	0.2865
342	0.4851
343	0.08384
344	0.09427
345	0.1329
346	0.5685
347	0.175
348	0.07802
349	0.3324
350	0.08973
351	0.4901
352	0.1419
353	0.02078
354	0.2365
355	0.1037
356	0.1508
357	0.2166
358	0.1075
359	0.02062
360	0.2761
361	0.3773
362	0.07429
363	0.1805
364	0.09227
365	0.09249
366	0.02781
367	0.0566
368	0.2184
369	0.1045
370	0.03271
371	0.07141
372	0.01116
373	0.1669
374	0.3051
375	0.5026
376	0.1469
377	0.09307
378	0.1259
379	0.06881
380	0.08533
381	0.2929
382	0.006187
383	0.4235
384	0.07272
385	0.3203
386	0.04448
387	0.1344
388	0.2995
389	0.008952
390	0.02517
391	0.1361
392	0.6043
393	0.09919
394	0.1691
395	0.143
396	0.07841
397	0.4363
398	0.1115
399	0.2331
400	0.07012
401	0.413
402	0.1511
403	0.09643
404	0.2821
405	0.5321
406	0.2597
407	0.1468
408	0.2944
409	0.496
410	0.243
411	0.1126
412	0.1255
413	0.266
414	0.3117
415	0.5171
416	0.08587
417	0.09673
418	0.2561
419	0.006198
420	0.1338
421	0.02083
422	0.02738
423	0.09788
424	0.0849
425	0.04061
426	0.06648
427	0.2132
428	0.3657
429	0.05679
430	0.009003
431	0.2443
432	0.2648
433	0.1153
434	0.4692
435	0.4111
436	0.07286
437	0.5719
438	0.02174
439	0.5698
440	0.1103
441	0.1388
442	0.3753
443	0.128
444	0.05082
445	0.08529
446	0.1077
447	0.05933
448	0.1272
449	0.1661
450	0.02665
451	0.1529
452	0.2934
453	0.3822
454	0.3258
455	0.5947
456	0.06117
457	0.2248
458	0.4904
459	0.1658
460	0.08306
461	0.5096
462	0.09914
463	0.004097
464	0.002518
465	0.1235
466	0.06089
467	0.1333
468	0.3845
469	0.2552
470	0.04218
471	0.1427
472	0.001993
473	0.08574
474	0.145
475	0.133
476	0.06042
477	0.05668
478	0.216
479	0.5485
480	0.6303
481	0.04663
482	0.2736
483	0.01889
484	0.1338
485	0.02452
486	0.002664
487	0.4427
488	0.1425
489	0.02373
490	0.2033
491	0.04281
492	0.1704
493	0.6314
494	0.02715
495	0.2813
496	0.6035
497	0.4131
498	0.0296
499	0.4369
500	0.6028
251	0.7009
252	0.1014
253	0.7406
254	0.4486
255	0.3094
256	0.2
257	0.2784
258	0.08021
259	0.1023
260	0.1444
261	0.02655
262	0.163
263	0.4827
264	0.292
265	0.2053
266	0.5036
267	0.3991
268	0.2173
269	0.213
270	0.08322
271	0.1135
272	0.2263
273	0.01725
274	0.4619
275	0.3293
276	0.1479
277	0.4585
278	0.03716
279	0.1761
280	1.579E-4
281	0.5687
282	0.606
283	0.0028
284	0.6664
285	0.2074
286	0.5923
287	0.6728
288	0.4018
289	0.01075
290	0.2372
291	0.5949
292	0.01615
293	0.5745
294	0.479
295	0.6456
296	0.1144
297	0.4984
298	0.09663
299	0.25
300	0.5674
301	0.4899
302	0.4295
303	0.1309
304	0.595
305	0.6191
306	0.02474
307	0.3457
308	0.2125
309	0.3614
310	0.757
311	0.2368
312	0.2244
313	0.2728
314	0.3727
315	0.6966
316	0.5651
317	0.2904
318	0.211
319	0.09869
320	0.2389
321	0.1277
322	0.2123
323	0.1617
324	0.5878
325	0.3377
326	0.0253
327	0.09491
328	0.06578
329	0.5492
330	0.7699
331	0.02397
332	0.385
333	0.381
334	0.6759
335	0.5536
336	0.2846
337	0.3055
338	0.8235
339	0.7666
340	0.3075
341	0.3924
342	0.1061
343	0.5112
344	0.4139
345	0.1875
346	0.1738
347	0.3554
348	0.07978
349	0.1557
350	0.555
351	0.1011
352	0.07807
353	0.1104
354	0.4104
355	0.5335
356	0.4593
357	0.6702
358	0.3107
359	0.8215
360	0.2847
361	0.3754
362	0.0317
363	0.6803
364	0.2143
365	0.7216
366	0.1826
367	0.4755
368	0.2877
369	0.09961
370	0.04237
371	0.7027
372	0.01078
373	0.2642
374	0.1582
375	0.1658
376	0.7239
377	0.182
378	0.1456
379	0.3132
380	0.1061
381	0.6131
382	0.2931
383	0.2431
384	0.4298
385	0.2391
386	0.0956
387	0.6518
388	0.1301
389	0.5175
390	0.2943
391	0.3341
392	0.09561
393	0.3026
394	0.128
395	0.1317
396	0.3455
397	0.1609
398	0.3285
399	0.03814
400	0.5963
401	0.1801
402	0.3518
403	0.5429
404	0.2945
405	0.08004
406	0.1933
407	0.7226
408	0.2448
409	0.2693
410	0.1883
411	0.617
412	0.02947
413	0.4482
414	0.01548
415	0.1702
416	0.5173
417	0.4786
418	0.2259
419	0.3462
420	0.6435
421	0.4449
422	0.2088
423	0.5029
424	0.1141
425	0.2029
426	0.2853
427	0.2286
428	0.325
429	0.1247
430	0.6677
431	0.2613
432	0.01123
433	0.5568
434	0.2674
435	0.005923
436	0.4585
437	0.164
438	0.4637
439	0.2621
440	0.4641
441	0.02216
442	0.3777
443	0.4184
444	0.4326
445	0.5868
446	0.1231
447	0.05716
448	0.5406
449	0.1712
450	0.8121
451	0.2261
452	0.37
453	0.1028
454	0.1888
455	0.3636
456	0.3304
457	0.04228
458	0.2892
459	0.4675
460	0.1608
461	0.1995
462	0.1607
463	0.5607
464	0.1459
465	0.3726
466	0.7407
467	0.5962
468	0.2106
469	0.09526
470	0.1004
471	0.7429
472	0.3119
473	0.6698
474	0.6946
475	0.7056
476	0.4472
477	0.4277
478	0.6515
479	0.264
480	0.0572
481	0.6752
482	0.08288
483	0.6347
484	0.1153
485	0.2533
486	0.4497
487	0.1011
488	0.05256
489	0.6045
490	0.5788
491	0.3339
492	0.2414
493	0.05074
494	0.2339
495	0.3091
496	0.1644
497	0.2619
498	0.8405
499	0.006
500	0.009463
251	0.7209
252	0.7045
253	0.6531
254	0.6905
255	0.5667
256	0.277
257	0.8079
258	0.5336
259	0.3452
260	0.2852
261	0.5703
262	0.6324
263	0.4019
264	0.4682
265	0.4913
266	0.6306
267	0.587
268	0.3764
269	0.7768
270	0.6344
271	0.6476
272	0.4437
273	0.3499
274	0.3238
275	0.8153
276	0.6928
277	0.5305
278	0.5912
279	0.5103
280	0.5575
281	0.6718
282	0.5548
283	0.7133
284	0.5978
285	0.6858
286	0.5394
287	0.3723
288	0.643
289	0.5949
290	0.6874
291	0.4464
292	0.5109
293	0.7802
294	0.06302
295	0.7856
296	0.6439
297	0.7351
298	0.422
299	0.7144
300	0.6346
301	0.7739
302	0.5202
303	0.4086
304	0.4539
305	0.682
306	0.6825
307	0.6136
308	0.4092
309	0.7156
310	0.4919
311	0.5654
312	0.4153
313	0.795
314	0.4586
315	0.5126
316	0.5781
317	0.6594
318	0.7366
319	0.5094
320	0.6464
321	0.4443
322	0.4551
323	0.5523
324	0.7135
325	0.4013
326	0.6264
327	0.7996
328	0.7697
329	0.5147
330	0.6661
331	0.1567
332	0.7976
333	0.3249
334	0.6995
335	0.4925
336	0.594
337	0.213
338	0.6171
339	0.7464
340	0.4523
341	0.4284
342	0.5364
343	0.568
344	0.53
345	0.5634
346	0.4903
347	0.4112
348	0.3668
349	0.5374
350	0.6005
351	0.5386
352	0.6538
353	0.4083
354	0.1865
355	0.5511
356	0.5142
357	0.5965
358	0.643
359	0.7105
360	0.5342
361	0.7042
362	0.6014
363	0.4033
364	0.5403
365	0.7755
366	0.3161
367	0.7976
368	0.3485
369	0.3774
370	0.4408
371	0.8336
372	0.3636
373	0.5307
374	0.6504
375	0.6033
376	0.7833
377	0.4322
378	0.1166
379	0.5643
380	0.7682
381	0.7703
382	0.4593
383	0.6613
384	0.4007
385	0.3933
386	0.6685
387	0.4816
388	0.3335
389	0.8437
390	0.3051
391	0.5572
392	0.5791
393	0.6001
394	0.7743
395	0.4679
396	0.7219
397	0.4675
398	0.8151
399	0.8154
400	0.5884
401	0.6365
402	0.6241
403	0.3941
404	0.5985
405	0.6549
406	0.2846
407	0.5684
408	0.8463
409	0.5437
410	0.6954
411	0.6786
412	0.2878
413	0.4093
414	0.7391
415	0.792
416	0.2778
417	0.638
418	0.5815
419	0.6246
420	0.7169
421	0.5252
422	0.4707
423	0.6934
424	0.5084
425	0.7308
426	0.4663
427	0.4429
428	0.8349
429	0.4277
430	0.3051
431	0.6174
432	0.3293
433	0.8276
434	0.7128
435	0.6898
436	0.6249
437	0.4489
438	0.6484
439	0.2728
440	0.8629
441	0.4675
442	0.4324
443	0.6041
444	0.2949
445	0.7372
446	0.497
447	0.5965
448	0.3715
449	0.3642
450	0.7677
451	0.6256
452	0.7222
453	0.5771
454	0.7892
455	0.5681
456	0.6358
457	0.4409
458	0.5827
459	0.7477
460	0.6619
461	0.3241
462	0.4233
463	0.4357
464	0.5854
465	0.5236
466	0.8815
467	0.6891
468	0.3373
469	0.4636
470	0.3074
471	0.7055
472	0.699
473	0.4923
474	0.5135
475	0.1465
476	0.5049
477	0.778
478	0.6731
479	0.5645
480	0.7613
481	0.4829
482	0.518
483	0.4183
484	0.3782
485	0.6435
486	0.4908
487	0.4083
488	0.6278
489	0.8523
490	0.4474
491	0.4896
492	0.4398
493	0.75
494	0.5673
495	0.6306
496	0.3574
497	0.6267
498	0.7367
499	0.4993
500	0.7149
251	0.1279
252	0.1585
253	0.2905
254	0.03349
255	0.3414
256	0.3314
257	0.07386
258	0.2893
259	0.3292
260	0.1298
261	0.2718
262	0.2403
263	0.5014
264	0.3076
265	0.1144
266	0.2898
267	0.3046
268	0.5473
269	0.02513
270	0.03333
271	0.1628
272	0.2325
273	0.5088
274	0.552
275	0.04338
276	0.2119
277	0.189
278	0.05989
279	0.3461
280	0.1389
281	0.1405
282	0.3022
283	0.1395
284	0.1706
285	0.1951
286	0.2095
287	0.5259
288	0.1749
289	0.06749
290	0.08087
291	0.268
292	0.2601
293	0.07858
294	0.7078
295	0.01514
296	0.246
297	0.1865
298	0.2682
299	0.08563
300	0.1439
301	0.05792
302	0.171
303	0.2576
304	0.3466
305	0.1442
306	0.08448
307	0.2368
308	0.1001
309	0.1328
310	0.3688
311	0.1093
312	0.5367
313	0.03482
314	0.4666
315	0.237
316	0.1008
317	0.203
318	0.1433
319	0.3105
320	0.1232
321	0.2859
322	0.4165
323	0.2881
324	0.2043
325	0.269
326	0.0852
327	0.01347
328	0.05724
329	0.3418
330	0.2306
331	0.5993
332	0.07722
333	0.4247
334	0.105
335	0.2689
336	0.063
337	0.1574
338	0.3242
339	0.2091
340	0.3098
341	0.3099
342	0.2079
343	0.1807
344	0.1557
345	0.1602
346	0.1623
347	0.3118
348	0.2072
349	0.3314
350	0.2807
351	0.3872
352	0.016
353	0.3577
354	0.5648
355	0.3334
356	0.2761
357	0.3428
358	0.04794
359	0.07356
360	0.3575
361	0.1186
362	0.2114
363	0.3345
364	0.2159
365	0.03721
366	0.4182
367	0.1431
368	0.5647
369	0.2957
370	0.2365
371	0.05472
372	0.2023
373	0.2738
374	0.2105
375	0.1638
376	0.1537
377	0.3227
378	0.218
379	0.2106
380	0.0602
381	0.09343
382	0.3261
383	0.2224
384	0.4024
385	0.1152
386	0.1163
387	0.453
388	0.4624
389	0.05951
390	0.4554
391	0.315
392	0.147
393	0.2821
394	0.09081
395	0.02997
396	0.09252
397	0.2238
398	0.108
399	0.06109
400	0.3422
401	0.148
402	0.1588
403	0.3305
404	0.172
405	0.116
406	0.4294
407	0.2894
408	0.04901
409	0.3642
410	0.0766
411	0.1686
412	0.185
413	0.3823
414	0.08041
415	0.05226
416	0.4811
417	0.2452
418	0.243
419	0.2376
420	0.2243
421	0.1804
422	0.2827
423	0.2594
424	0.2942
425	0.05077
426	0.3185
427	0.2925
428	0.01079
429	0.2375
430	0.3995
431	0.1789
432	0.3537
433	0.1217
434	0.02784
435	0.0633
436	0.1483
437	0.5224
438	0.2036
439	0.4492
440	0.02586
441	0.4186
442	0.201
443	0.08755
444	0.3444
445	0.1512
446	0.131
447	0.1555
448	0.4424
449	0.3191
450	0.1722
451	0.2882
452	0.1291
453	0.2698
454	0.05462
455	0.2931
456	0.1656
457	0.0442
458	0.2092
459	0.1237
460	0.1871
461	0.4857
462	0.2828
463	0.3717
464	0.1865
465	0.3918
466	0.04201
467	0.07091
468	0.463
469	0.1499
470	0.387
471	0.2004
472	0.1154
473	0.2899
474	0.3052
475	0.5655
476	0.3315
477	0.065
478	0.2824
479	0.2204
480	0.1471
481	0.287
482	0.2054
483	0.3274
484	0.2641
485	0.1201
486	0.2042
487	0.4167
488	0.2278
489	0.01568
490	0.479
491	0.357
492	0.403
493	0.03161
494	0.2513
495	0.1787
496	0.3815
497	0.03814
498	0.1459
499	0.3608
500	0.1238
251	0.03418
252	0.04028
253	0.0411
254	0.1001
255	0.02706
256	0.03738
257	0.04338
258	0.04471
259	0.1141
260	0.03468
261	0.03455
262	0.05622
263	0.03403
264	0.1577
265	0.1741
266	0.07123
267	0.004574
268	0.05175
269	0.1578
270	0.1614
271	0.02189
272	0.09329
273	0.07682
274	0.04005
275	0.1111
276	0.002013
277	0.1891
278	0.06596
279	0.03257
280	0.08357
281	0.1152
282	0.03493
283	0.1166
284	0.1214
285	0.04242
286	0.1793
287	0.0541
288	0.07762
289	0.05167
290	0.1072
291	0.1227
292	0.1426
293	0.0298
294	0.1373
295	0.1532
296	0.105
297	0.01506
298	0.1067
299	0.09492
300	5.083E-4
301	0.07207
302	0.109
303	0.03545
304	0.0319
305	0.09505
306	0.03976
307	0.05473
308	0.2382
309	0.04445
310	0.0693
311	0.01846
312	0.03276
313	0.07337
314	0.04355
315	0.1186
316	0.1563
317	0.04293
318	0.07029
319	0.02477
320	0.08536
321	0.1843
322	0.04295
323	0.01374
324	0.03836
325	0.08378
326	0.05758
327	0.07332
328	0.06574
329	0.01472
330	0.06209
331	0.05383
332	0.01938
333	0.07722
334	0.05471
335	0.05551
336	0.1249
337	0.1362
338	0.02446
339	0.02009
340	0.02065
341	0.2566
342	0.03729
343	0.07159
344	0.1271
345	0.05294
346	0.1895
347	0.1183
348	0.08722
349	0.06066
350	0.06165
351	0.01623
352	0.07588
353	0.1397
354	0.1094
355	0.05254
356	0.0457
357	0.006636
358	0.00377
359	0.139
360	0.05654
361	0.07536
362	0.03733
363	0.1785
364	0.04132
365	0.1425
366	0.1035
367	0.05601
368	0.02315
369	0.1043
370	0.09191
371	0.0837
372	0.1259
373	0.09147
374	0.01016
375	0.2018
376	0.02961
377	0.0219
378	0.3053
379	0.0728
380	0.009401
381	0.1357
382	0.007386
383	0.02428
384	0.03264
385	0.1239
386	0.05528
387	0.04838
388	0.02384
389	0.0517
390	0.1568
391	0.08207
392	0.2359
393	0.02713
394	0.04934
395	0.2242
396	0.09497
397	0.003248
398	0.01058
399	0.07174
400	0.06654
401	0.05069
402	0.1058
403	0.03652
404	0.0515
405	0.1512
406	0.1448
407	0.1349
408	0.01205
409	0.02521
410	0.04403
411	0.1125
412	0.1148
413	0.1394
414	0.02581
415	0.07238
416	0.04933
417	0.04025
418	0.1366
419	0.1208
420	0.03291
421	0.1197
422	0.1536
423	0.03921
424	0.05168
425	0.01756
426	0.04218
427	0.09749
428	0.05275
429	0.05623
430	0.1887
431	0.08746
432	0.0695
433	0.01148
434	0.1485
435	0.05673
436	0.02403
437	0.01283
438	0.04417
439	0.1908
440	0.05952
441	0.03726
442	0.1709
443	0.2051
444	0.1807
445	0.1107
446	0.05872
447	0.06074
448	0.005516
449	0.08276
450	0.05458
451	0.0204
452	0.0806
453	0.05401
454	0.02625
455	0.1365
456	0.06644
457	0.02581
458	0.1221
459	0.03395
460	0.09781
461	0.07938
462	0.1182
463	0.09293
464	0.08963
465	0.05863
466	0.006303
467	0.1923
468	0.07018
469	0.1261
470	0.09333
471	0.05436
472	0.0324
473	0.1803
474	0.07901
475	0.2236
476	0.09122
477	0.06275
478	0.006644
479	0.1296
480	0.01786
481	0.08651
482	0.08487
483	0.1235
484	0.05113
485	0.1584
486	0.1157
487	0.04743
488	0.04565
489	0.07263
490	0.05023
491	0.1255
492	0.06451
493	0.1926
494	0.008123
495	0.03715
496	0.1103
497	0.2739
498	0.08845
499	0.04533
500	0.02658
251	0.117
252	0.09672
253	0.01531
254	0.1758
255	0.06488
256	0.3542
257	0.07488
258	0.1323
259	0.2116
260	0.5503
261	0.1234
262	0.07109
263	0.06268
264	0.06648
265	0.2202
266	0.008462
267	0.1038
268	0.02455
269	0.04027
270	0.1709
271	0.1677
272	0.2305
273	0.06449
274	0.08418
275	0.03025
276	0.09323
277	0.0914
278	0.2829
279	0.111
280	0.22
281	0.07249
282	0.1081
283	0.03062
284	0.1101
285	0.07661
286	0.07171
287	0.04771
288	0.1045
289	0.286
290	0.1245
291	0.1629
292	0.08632
293	0.1114
294	0.09188
295	0.04608
296	0.005045
297	0.06337
298	0.2031
299	0.105
300	0.221
301	0.09615
302	0.1998
303	0.2984
304	0.1676
305	0.07884
306	0.1933
307	0.09482
308	0.2525
309	0.1072
310	0.06998
311	0.3069
312	0.01519
313	0.09678
314	0.03129
315	0.1318
316	0.1647
317	0.09467
318	0.04987
319	0.1553
320	0.145
321	0.08556
322	0.08544
323	0.1458
324	0.04392
325	0.2459
326	0.2309
327	0.1136
328	0.1073
329	0.1288
330	0.04121
331	0.1902
332	0.1058
333	0.1732
334	0.1408
335	0.1831
336	0.2181
337	0.4933
338	0.03417
339	0.0244
340	0.2173
341	0.005001
342	0.2184
343	0.1797
344	0.1872
345	0.2235
346	0.1579
347	0.1587
348	0.3388
349	0.07045
350	0.05717
351	0.05796
352	0.2543
353	0.09427
354	0.1392
355	0.06299
356	0.1639
357	0.0541
358	0.3053
359	0.07695
360	0.05174
361	0.1018
362	0.1499
363	0.08375
364	0.2025
365	0.04472
366	0.1621
367	0.003237
368	0.06365
369	0.2226
370	0.2308
371	0.02796
372	0.3083
373	0.1041
374	0.1289
375	0.031
376	0.03343
377	0.2231
378	0.3601
379	0.1522
380	0.1622
381	6.401E-4
382	0.2072
383	0.09209
384	0.1643
385	0.3677
386	0.1599
387	0.01701
388	0.1802
389	0.04506
390	0.08271
391	0.04573
392	0.03806
393	0.09061
394	0.0856
395	0.278
396	0.09057
397	0.3054
398	0.06624
399	0.05177
400	0.00293
401	0.1648
402	0.1112
403	0.2389
404	0.178
405	0.07789
406	0.1411
407	0.007381
408	0.09265
409	0.0669
410	0.184
411	0.04036
412	0.4124
413	0.069
414	0.1547
415	0.08333
416	0.1917
417	0.07651
418	0.03888
419	0.01709
420	0.02586
421	0.1747
422	0.09299
423	0.007984
424	0.1457
425	0.2009
426	0.173
427	0.1671
428	0.1015
429	0.2786
430	0.1068
431	0.1162
432	0.2475
433	0.03928
434	0.1108
435	0.1902
436	0.2028
437	0.01588
438	0.1037
439	0.0872
440	0.05176
441	0.07665
442	0.1957
443	0.1032
444	0.1801
445	9.321E-4
446	0.3133
447	0.1873
448	0.1805
449	0.2339
450	0.005538
451	0.06576
452	0.06808
453	0.09916
454	0.1299
455	0.00231
456	0.1321
457	0.4891
458	0.08601
459	0.09465
460	0.0532
461	0.1108
462	0.1758
463	0.09973
464	0.1384
465	0.02598
466	0.07021
467	0.04769
468	0.1296
469	0.2604
470	0.2122
471	0.03971
472	0.1532
473	0.03754
474	0.1023
475	0.06436
476	0.07234
477	0.09425
478	0.03784
479	0.08545
480	0.07379
481	0.1436
482	0.1918
483	0.1308
484	0.3065
485	0.07811
486	0.1893
487	0.1276
488	0.09876
489	0.05936
490	0.02337
491	0.02789
492	0.0927
493	0.0258
494	0.1732
495	0.1535
496	0.1508
497	0.06128
498	0.02898
499	0.09459
500	0.1347
251	0.2699
252	0.617
253	0.4819
254	0.7099
255	0.4041
256	0.3163
257	0.3214
258	0.8408
259	0.2914
260	0.7468
261	0.5295
262	0.6956
263	0.4053
264	0.5725
265	0.4311
266	0.2854
267	0.3262
268	0.7467
269	0.1144
270	0.5564
271	0.5232
272	0.451
273	0.73
274	0.4117
275	0.4959
276	0.5188
277	0.6695
278	0.4656
279	0.4263
280	0.4297
281	0.5191
282	0.4555
283	0.2735
284	0.4082
285	0.3023
286	0.3149
287	0.5533
288	0.7054
289	0.05746
290	0.364
291	0.8432
292	0.4755
293	0.6297
294	0.5902
295	0.3927
296	0.6203
297	0.4122
298	0.3451
299	0.3052
300	0.4264
301	0.4783
302	0.6687
303	0.4396
304	0.3823
305	0.6446
306	0.2874
307	0.5294
308	0.6846
309	0.5397
310	0.666
311	0.4043
312	0.5514
313	0.4948
314	0.2654
315	0.4426
316	0.6118
317	0.4644
318	0.5183
319	0.5812
320	0.3717
321	0.483
322	0.4076
323	0.6494
324	0.2078
325	0.561
326	0.6156
327	0.4526
328	0.2504
329	0.5283
330	0.5182
331	0.6841
332	0.2342
333	0.4161
334	0.9093
335	0.6174
336	0.532
337	0.2473
338	0.6596
339	0.5007
340	0.6945
341	0.4786
342	0.374
343	0.4052
344	0.5423
345	0.653
346	0.4461
347	0.8015
348	0.5605
349	0.6001
350	0.3427
351	0.4891
352	0.5252
353	0.5192
354	0.5213
355	0.623
356	0.4368
357	0.3878
358	0.5493
359	0.4851
360	0.4386
361	0.3851
362	0.4784
363	0.2782
364	0.5069
365	0.3706
366	0.5118
367	0.331
368	0.399
369	0.7612
370	0.7472
371	0.316
372	0.5419
373	0.4866
374	0.7055
375	0.2361
376	0.2366
377	0.4896
378	0.8163
379	0.4492
380	0.2198
381	0.352
382	0.7833
383	0.4285
384	0.5557
385	0.4701
386	0.2702
387	0.609
388	0.6347
389	0.6728
390	0.7078
391	0.5275
392	0.6885
393	0.3926
394	0.3621
395	0.5317
396	0.535
397	0.6928
398	0.4495
399	0.1877
400	0.6398
401	0.5235
402	0.451
403	0.5208
404	0.7439
405	0.5393
406	0.4333
407	0.5907
408	0.4168
409	0.6106
410	0.2384
411	0.4385
412	0.6081
413	0.7458
414	0.5374
415	0.5212
416	0.7142
417	0.5594
418	0.5057
419	0.3664
420	0.5335
421	0.4592
422	0.6441
423	0.5757
424	0.4946
425	0.633
426	0.3801
427	0.4011
428	0.3798
429	0.564
430	0.6871
431	0.5647
432	0.3888
433	0.4766
434	0.4797
435	0.4777
436	0.5194
437	0.4401
438	0.2172
439	0.5067
440	0.5798
441	0.4411
442	0.8559
443	0.6628
444	0.5569
445	0.4268
446	0.4564
447	0.404
448	0.4472
449	0.4628
450	0.5963
451	0.4446
452	0.3361
453	0.4106
454	0.5496
455	0.4809
456	0.545
457	0.6827
458	0.6655
459	0.4915
460	0.6201
461	0.1419
462	0.4141
463	0.4347
464	0.3575
465	0.624
466	0.4062
467	0.5421
468	0.8092
469	0.6668
470	0.4359
471	0.7336
472	0.4455
473	0.6533
474	0.5972
475	0.2165
476	0.4722
477	0.2554
478	0.2085
479	0.1604
480	0.5496
481	0.5717
482	0.6432
483	0.5459
484	0.8642
485	0.07544
486	0.5216
487	0.6218
488	0.4909
489	0.504
490	0.3822
491	0.3457
492	0.4458
493	0.448
494	0.5019
495	0.7658
496	0.1488
497	0.4579
498	0.1741
499	0.4976
500	0.3884
251	0.3136
252	0.3298
253	0.1406
254	0.0146
255	0.2498
256	0.07163
257	0.3541
258	0.008808
259	0.1729
260	0.04649
261	0.1273
262	0.1323
263	0.2866
264	0.285
265	0.3286
266	0.2339
267	0.0697
268	0.02798
269	0.5719
270	0.3499
271	0.2126
272	0.2841
273	0.1787
274	0.2754
275	0.3317
276	0.2824
277	0.05627
278	0.3331
279	0.3223
280	0.3143
281	0.304
282	0.1911
283	0.2013
284	0.3775
285	0.2434
286	0.3868
287	0.3513
288	0.2353
289	0.5858
290	0.1563
291	0.0362
292	0.1392
293	0.2444
294	0.1597
295	0.207
296	0.134
297	0.2392
298	0.5068
299	0.5901
300	0.244
301	0.4113
302	0.09249
303	0.4398
304	0.334
305	0.09434
306	0.3874
307	0.2977
308	0.221
309	0.2392
310	0.2006
311	0.3114
312	0.1423
313	0.3273
314	0.198
315	0.462
316	0.02143
317	0.2176
318	0.01162
319	0.1647
320	0.4032
321	0.1787
322	0.0774
323	0.05811
324	0.2893
325	0.179
326	0.1982
327	0.03963
328	0.2061
329	0.3724
330	0.3026
331	0.01524
332	0.3119
333	0.3488
334	0.004262
335	0.3184
336	0.06202
337	0.485
338	0.0756
339	0.1714
340	0.1935
341	0.2369
342	0.3853
343	0.2953
344	0.1461
345	0.1742
346	0.2622
347	0.04324
348	0.2605
349	0.05844
350	0.1977
351	0.0622
352	0.1562
353	0.01544
354	0.1671
355	0.1978
356	0.286
357	0.4279
358	0.08661
359	0.2298
360	0.1687
361	0.2095
362	0.09417
363	0.4406
364	0.04242
365	0.4279
366	0.1577
367	0.2034
368	0.1702
369	0.1182
370	0.2121
371	0.424
372	0.1365
373	0.1589
374	0.01631
375	0.4041
376	0.4183
377	0.09135
378	0.008822
379	0.2977
380	0.2152
381	0.1514
382	0.03765
383	0.1136
384	0.1117
385	0.0934
386	0.1071
387	0.1956
388	0.08199
389	0.07924
390	0.1128
391	0.2535
392	0.03259
393	0.2578
394	0.04364
395	0.3146
396	0.3225
397	0.002992
398	0.08268
399	0.3973
400	0.06561
401	0.472
402	0.3912
403	0.2503
404	0.1326
405	0.1897
406	0.2068
407	0.2127
408	0.2054
409	0.2643
410	0.4775
411	0.2066
412	0.09958
413	0.1766
414	0.2427
415	0.2912
416	0.2045
417	0.1938
418	0.1266
419	0.2354
420	0.3017
421	0.2798
422	0.1627
423	0.167
424	0.1298
425	0.1239
426	0.1403
427	0.2004
428	0.2032
429	0.2845
430	0.2002
431	0.05539
432	0.2726
433	0.3779
434	0.3072
435	0.3101
436	0.1577
437	0.3125
438	0.539
439	0.06038
440	0.1813
441	0.03254
442	0.07008
443	0.2241
444	0.2126
445	0.15
446	0.2115
447	0.2236
448	0.3476
449	0.3985
450	0.2834
451	0.1067
452	0.4084
453	0.3204
454	0.3794
455	0.1821
456	0.1674
457	0.08785
458	0.08304
459	0.3153
460	0.09649
461	0.3142
462	0.3489
463	0.2101
464	0.2268
465	0.1513
466	0.4196
467	0.3835
468	0.05239
469	0.03195
470	0.1016
471	0.1226
472	0.1791
473	0.04607
474	0.1035
475	0.4457
476	0.1792
477	0.4651
478	0.4041
479	0.6174
480	0.1958
481	0.2043
482	0.2182
483	0.3664
484	0.01485
485	0.5547
486	0.351
487	0.1028
488	0.263
489	0.2345
490	0.3327
491	0.08073
492	0.184
493	0.1682
494	0.2172
495	0.05329
496	0.5668
497	0.3155
498	0.1684
499	0.1274
500	0.3978
251	0.4151
252	0.006259
253	0.2717
254	0.2609
255	0.2194
256	0.3543
257	0.1752
258	0.05539
259	0.2332
260	0.1673
261	0.1814
262	0.09411
263	0.236
264	0.0922
265	0.1641
266	0.4678
267	0.4353
268	0.1934
269	0.1936
270	0.07402
271	0.1402
272	0.2345
273	0.02703
274	0.243
275	0.03721
276	0.1397
277	0.2733
278	0.09846
279	0.1957
280	0.1927
281	0.1134
282	0.3008
283	0.07296
284	0.2049
285	0.2445
286	0.09733
287	0.03851
288	0.007453
289	0.2686
290	0.2994
291	0.1004
292	0.1108
293	0.0739
294	0.1684
295	0.2744
296	0.07332
297	0.2792
298	0.1104
299	0.08904
300	0.3082
301	0.04748
302	0.2242
303	0.04289
304	0.2732
305	0.226
306	6.434E-4
307	0.1006
308	0.03927
309	0.1212
310	0.118
311	0.2478
312	0.1652
313	0.05427
314	0.2588
315	0.04482
316	0.2591
317	0.1921
318	0.1177
319	0.09541
320	0.1999
321	0.2548
322	0.2409
323	0.2602
324	0.4446
325	0.2275
326	0.02665
327	0.2373
328	0.1826
329	0.05945
330	0.1605
331	0.09053
332	0.3392
333	0.1708
334	0.0728
335	0.0539
336	0.2825
337	0.2611
338	0.2155
339	0.1852
340	0.09895
341	0.1631
342	0.2283
343	0.2112
344	0.2284
345	0.09761
346	0.1603
347	0.123
348	0.1422
349	0.1767
350	0.2947
351	0.1699
352	0.2517
353	0.1347
354	0.2333
355	0.07879
356	0.256
357	0.1761
358	0.3111
359	0.2583
360	0.2568
361	0.3737
362	0.2011
363	0.2395
364	0.3886
365	0.1659
366	0.1118
367	0.1733
368	0.1586
369	0.05436
370	0.00975
371	0.145
372	0.1828
373	0.3103
374	0.1842
375	0.09155
376	0.3206
377	0.3274
378	0.1101
379	0.116
380	0.1918
381	0.428
382	0.1347
383	0.3703
384	0.1655
385	0.4067
386	0.2777
387	0.1222
388	0.1909
389	0.1269
390	0.06426
391	0.06119
392	0.1941
393	0.2267
394	0.331
395	0.04338
396	0.03161
397	0.2876
398	0.2842
399	0.1559
400	0.1793
401	0.002923
402	0.02653
403	0.1673
404	0.1154
405	0.1879
406	0.1807
407	0.15
408	0.2608
409	0.07393
410	0.2803
411	0.2167
412	0.1376
413	0.04319
414	0.1053
415	0.1004
416	0.05936
417	0.1902
418	0.08468
419	0.06436
420	0.09558
421	0.2058
422	0.0074
423	0.1647
424	0.2691
425	0.1129
426	0.3843
427	0.1557
428	0.3727
429	0.1292
430	0.04544
431	0.3742
432	0.3371
433	0.01171
434	0.1591
435	0.1241
436	0.2645
437	0.114
438	0.1244
439	0.4095
440	0.1303
441	0.1978
442	0.06671
443	0.02115
444	0.171
445	0.1978
446	0.2828
447	0.1165
448	0.1999
449	0.1379
450	0.07163
451	0.2314
452	0.1441
453	0.1982
454	0.02616
455	0.3105
456	0.2459
457	0.2078
458	0.2153
459	0.1171
460	0.09143
461	0.5322
462	0.206
463	0.1757
464	0.05847
465	0.07758
466	0.1666
467	0.01176
468	0.1243
469	0.2611
470	0.2566
471	0.1425
472	0.06931
473	0.198
474	0.2803
475	0.2752
476	0.205
477	0.1235
478	0.3764
479	0.01416
480	0.2072
481	0.2219
482	0.137
483	0.03194
484	0.1191
485	0.07893
486	0.06215
487	0.204
488	0.08522
489	0.1553
490	0.1946
491	0.2248
492	0.04729
493	0.2342
494	0.1826
495	0.05948
496	0.239
497	0.1292
498	0.6292
499	0.2624
500	0.1566
251	0.001344
252	0.04697
253	0.1058
254	0.01461
255	0.1266
256	0.2578
257	0.1493
258	0.09502
259	0.3025
260	0.03947
261	0.1618
262	0.07801
263	0.07205
264	0.05032
265	0.07614
266	0.01287
267	0.1687
268	0.03191
269	0.1201
270	0.0196
271	0.124
272	0.03045
273	0.06426
274	0.06985
275	0.1352
276	0.05908
277	9.371E-4
278	0.1029
279	0.05567
280	0.06339
281	0.0635
282	0.05259
283	0.4523
284	0.009396
285	0.2097
286	0.201
287	0.05692
288	0.05181
289	0.08817
290	0.1802
291	0.02019
292	0.2745
293	0.05198
294	0.0818
295	0.1259
296	0.1723
297	0.06942
298	0.03779
299	0.01567
300	0.02146
301	0.06285
302	0.01456
303	0.07774
304	0.01041
305	0.03507
306	0.3245
307	0.07222
308	0.05517
309	0.09991
310	0.01545
311	0.03651
312	0.1411
313	0.1237
314	0.2778
315	0.05057
316	0.1076
317	0.1259
318	0.3523
319	0.1587
320	0.02524
321	0.08348
322	0.2742
323	0.03223
324	0.05824
325	0.03246
326	0.1595
327	0.2704
328	0.361
329	0.03985
330	0.0187
331	0.2101
332	0.1147
333	0.06428
334	0.01368
335	0.01036
336	0.1235
337	0.00661
338	0.04923
339	0.1427
340	0.01308
341	0.1214
342	0.01242
343	0.08825
344	0.08318
345	0.07516
346	0.1315
347	0.03229
348	0.03675
349	0.1648
350	0.1649
351	0.2787
352	0.06691
353	0.3307
354	0.0783
355	0.1004
356	0.02121
357	0.008228
358	0.05293
359	0.02681
360	0.136
361	0.0316
362	0.2263
363	0.04166
364	0.06199
365	0.03557
366	0.2187
367	0.2923
368	0.2723
369	0.06625
370	0.03087
371	0.115
372	0.1388
373	0.04421
374	0.09392
375	0.2682
376	0.0245
377	0.09167
378	0.06475
379	0.1372
380	0.3732
381	0.06865
382	0.04445
383	0.08765
384	0.167
385	0.02982
386	0.345
387	0.07308
388	0.09243
389	0.1211
390	0.1151
391	0.1579
392	0.08486
393	0.1229
394	0.2632
395	0.1103
396	0.1109
397	0.01658
398	0.1836
399	0.2591
400	0.1152
401	0.001547
402	0.1313
403	0.06154
404	0.008139
405	0.08306
406	0.1793
407	0.04664
408	0.117
409	0.05115
410	0.003836
411	0.1382
412	0.1547
413	0.03445
414	0.1146
415	0.0872
416	0.02193
417	0.05649
418	0.283
419	0.3339
420	0.06922
421	0.05526
422	0.1859
423	0.09263
424	0.1065
425	0.1302
426	0.09539
427	0.2428
428	0.04425
429	0.02229
430	0.0673
431	0.00565
432	0.001537
433	0.1338
434	0.05402
435	0.08813
436	0.05849
437	0.1333
438	0.1194
439	0.02336
440	0.1086
441	0.3285
442	0.007275
443	0.09202
444	0.05956
445	0.2254
446	0.04931
447	0.2559
448	0.005312
449	7.609E-4
450	0.0487
451	0.2173
452	0.1115
453	0.07074
454	0.04488
455	0.02648
456	0.04175
457	0.02163
458	0.0362
459	0.07598
460	0.192
461	0.01172
462	0.031
463	0.1795
464	0.3572
465	0.1471
466	0.007512
467	0.06261
468	0.01417
469	0.04005
470	0.2059
471	0.001268
472	0.306
473	0.1026
474	0.01907
475	0.06264
476	0.1436
477	0.156
478	0.01097
479	0.2081
480	0.04749
481	0.002063
482	0.001535
483	0.05573
484	0.001935
485	0.2909
486	0.06525
487	0.07138
488	0.1609
489	0.1062
490	0.09055
491	0.3488
492	0.3229
493	0.1496
494	0.0983
495	0.1214
496	0.04548
497	0.09732
498	0.0283
499	0.1126
500	0.05729
251	0.7611
252	0.3175
253	0.4199
254	0.2751
255	0.4142
256	0.264
257	0.1311
258	0.4278
259	0.08034
260	0.4904
261	0.3657
262	0.1214
263	0.6022
264	0.4532
265	0.7025
266	0.6755
267	0.7178
268	0.09241
269	0.5746
270	0.2473
271	0.279
272	0.5514
273	0.09028
274	0.5064
275	0.2159
276	0.2349
277	0.4156
278	0.4883
279	0.5761
280	0.6454
281	0.5142
282	0.6216
283	0.5809
284	0.1129
285	0.2711
286	0.3964
287	0.5718
288	0.3691
289	0.1008
290	0.4708
291	0.4892
292	0.2937
293	0.7056
294	0.756
295	0.3626
296	0.2177
297	0.2398
298	0.7791
299	0.3353
300	0.5613
301	0.2149
302	0.5978
303	0.4939
304	0.6468
305	0.3255
306	0.6243
307	0.4127
308	0.6525
309	0.2328
310	0.3714
311	0.7983
312	0.6704
313	0.4916
314	0.3883
315	0.5527
316	0.6205
317	0.3871
318	0.3051
319	0.466
320	0.2645
321	0.6665
322	0.3802
323	0.2781
324	0.5839
325	0.3532
326	0.2173
327	0.3348
328	0.3523
329	0.354
330	0.6929
331	0.4352
332	0.1961
333	0.666
334	0.2304
335	0.6458
336	0.2819
337	0.2474
338	0.762
339	0.579
340	0.06441
341	0.507
342	0.2461
343	0.5789
344	0.5856
345	0.1818
346	0.3263
347	0.3673
348	0.6029
349	0.1808
350	0.06012
351	0.3357
352	0.5473
353	0.1664
354	0.5309
355	0.3699
356	0.798
357	0.4495
358	0.4608
359	0.8031
360	0.1575
361	0.4952
362	0.5085
363	0.1735
364	0.2519
365	0.4501
366	0.401
367	0.2859
368	0.7094
369	0.281
370	0.3452
371	0.4314
372	0.7397
373	0.3386
374	0.3463
375	0.5174
376	0.4064
377	0.6839
378	0.6931
379	0.4001
380	0.1778
381	0.5291
382	0.3973
383	0.4946
384	0.7011
385	0.5608
386	0.3579
387	0.5228
388	0.2574
389	0.4773
390	0.2893
391	0.5157
392	0.4143
393	0.2554
394	0.7234
395	0.5176
396	0.353
397	0.6134
398	0.5838
399	0.3405
400	0.1295
401	0.5406
402	0.2673
403	0.3977
404	0.1718
405	0.4603
406	0.4415
407	0.653
408	0.3271
409	0.02658
410	0.6756
411	0.5012
412	0.5602
413	0.08088
414	0.2808
415	0.2722
416	0.3602
417	0.07731
418	0.4885
419	0.5255
420	0.2217
421	0.5266
422	0.4318
423	0.3369
424	0.5586
425	0.1957
426	0.8043
427	0.6815
428	0.2622
429	0.5075
430	0.1878
431	0.04913
432	0.1826
433	0.276
434	0.1638
435	0.4442
436	0.6143
437	0.4191
438	0.05962
439	0.5369
440	0.07073
441	0.4681
442	0.2277
443	0.3464
444	0.6151
445	0.5087
446	0.7778
447	0.3138
448	0.3231
449	0.1853
450	0.05173
451	0.3106
452	0.2636
453	0.4456
454	0.1259
455	0.2497
456	0.2256
457	0.2856
458	0.6608
459	0.4856
460	0.1923
461	0.6362
462	0.62
463	0.07737
464	0.163
465	0.1435
466	0.3564
467	0.2686
468	0.1723
469	0.51
470	0.9106
471	0.6318
472	0.4596
473	0.4899
474	0.56
475	0.3174
476	0.6754
477	0.8878
478	0.1704
479	0.07135
480	0.01115
481	0.8315
482	0.04327
483	0.1475
484	0.1046
485	0.6083
486	0.4908
487	0.3592
488	0.3731
489	0.4265
490	0.6882
491	0.4298
492	0.5182
493	0.2945
494	0.2717
495	0.1614
496	0.7116
497	0.3558
498	0.4412
499	0.5786
500	0.3116
251	0.1016
252	0.06514
253	0.3333
254	0.4749
255	0.2613
256	0.5758
257	0.4197
258	0.3023
259	0.4075
260	0.05269
261	0.2201
262	0.449
263	0.1016
264	0.07588
265	0.113
266	0.1185
267	0.1213
268	0.158
269	0.1463
270	0.4962
271	0.423
272	0.2583
273	0.1461
274	0.2661
275	0.331
276	0.125
277	0.4216
278	0.4073
279	0.1479
280	0.1058
281	0.1643
282	0.2876
283	0.01948
284	0.5778
285	0.4338
286	0.2938
287	0.02725
288	0.2195
289	0.5358
290	0.4372
291	0.3202
292	0.3229
293	0.1855
294	0.02239
295	0.5473
296	0.4538
297	0.246
298	0.1295
299	0.1596
300	0.399
301	0.4118
302	0.2612
303	0.1659
304	0.1939
305	0.4887
306	0.1581
307	0.24
308	0.005956
309	0.3215
310	0.4116
311	0.1603
312	0.05085
313	0.2354
314	0.1865
315	0.01213
316	0.2166
317	0.3569
318	0.4943
319	0.4526
320	0.5499
321	0.08646
322	0.1818
323	0.4206
324	0.32
325	0.5946
326	0.5177
327	0.4371
328	0.3341
329	0.2283
330	0.139
331	0.2245
332	0.6998
333	0.2265
334	0.3063
335	0.07583
336	0.5778
337	0.484
338	0.2134
339	0.009867
340	0.1767
341	0.3591
342	0.371
343	0.1436
344	0.3103
345	0.5799
346	0.2974
347	0.3591
348	0.2026
349	0.2881
350	0.4793
351	0.02007
352	0.07478
353	0.6805
354	0.2169
355	0.2468
356	0.05264
357	0.1259
358	0.415
359	0.1027
360	0.5128
361	0.3477
362	0.345
363	0.6185
364	0.2752
365	0.4112
366	0.2463
367	0.5097
368	0.139
369	0.3554
370	0.3771
371	0.2862
372	0.1078
373	0.3945
374	0.3482
375	0.3099
376	0.4039
377	0.2288
378	0.1533
379	0.1019
380	0.3623
381	0.3632
382	0.2181
383	0.2928
384	0.2401
385	0.1801
386	0.4685
387	0.06381
388	0.3235
389	0.2283
390	0.1269
391	0.2748
392	0.1374
393	0.4112
394	0.04814
395	0.1496
396	0.0716
397	0.1682
398	0.1364
399	0.333
400	0.358
401	0.06235
402	0.03687
403	0.4217
404	0.2885
405	0.2844
406	0.3137
407	0.164
408	0.4296
409	0.3342
410	0.1135
411	0.4088
412	0.3585
413	0.2295
414	0.1802
415	0.2756
416	0.4266
417	0.1807
418	0.3372
419	0.3842
420	0.3443
421	0.3429
422	0.382
423	0.5401
424	0.1865
425	0.3685
426	0.1023
427	0.1146
428	0.3681
429	0.2116
430	0.2963
431	0.6991
432	0.1824
433	0.1599
434	0.5416
435	0.3166
436	0.2549
437	0.1367
438	0.83
439	0.227
440	0.4841
441	0.2224
442	0.3879
443	0.2041
444	0.2999
445	0.4293
446	0.0698
447	0.4321
448	0.5036
449	0.2308
450	0.3557
451	0.5386
452	0.3445
453	0.1435
454	0.5604
455	0.3541
456	0.6525
457	0.3237
458	0.01429
459	0.2993
460	0.5848
461	0.1459
462	0.1099
463	0.4259
464	0.7
465	0.4042
466	0.3034
467	0.4035
468	0.2454
469	0.2614
470	0.03795
471	0.1221
472	0.4101
473	0.3936
474	0.2425
475	0.306
476	0.2942
477	0.001921
478	0.3811
479	0.5823
480	0.3427
481	0.113
482	0.6911
483	0.4094
484	0.2826
485	0.2723
486	0.1887
487	0.294
488	0.2546
489	0.4566
490	0.09751
491	0.4467
492	0.2118
493	0.4617
494	0.1495
495	0.24
496	0.07486
497	0.424
498	0.359
499	0.17
500	0.1479
251	0.1167
252	0.2481
253	0.2198
254	0.1965
255	0.1819
256	0.1443
257	0.2921
258	0.133
259	0.4699
260	0.2815
261	0.2382
262	0.2031
263	0.1818
264	0.2104
265	0.143
266	0.03565
267	0.1362
268	0.1453
269	0.1143
270	0.1155
271	0.1851
272	0.09005
273	0.2994
274	0.08131
275	0.3205
276	0.272
277	0.05385
278	0.05729
279	0.04957
280	0.1316
281	0.2316
282	0.07491
283	0.2965
284	0.1879
285	0.2425
286	0.2311
287	0.3483
288	0.2984
289	0.3345
290	0.006849
291	0.1569
292	0.2451
293	0.01644
294	0.1461
295	0.06134
296	0.2111
297	0.3898
298	0.02047
299	0.1155
300	0.03677
301	0.3243
302	0.03044
303	0.2342
304	0.1405
305	0.1689
306	0.1555
307	0.2003
308	0.2577
309	0.3715
310	0.1718
311	0.02118
312	0.1238
313	0.1602
314	0.1806
315	0.3719
316	0.1579
317	0.1662
318	0.08753
319	0.03099
320	0.05847
321	0.06869
322	0.2236
323	0.1536
324	0.007311
325	0.03808
326	0.1864
327	0.1833
328	0.21
329	0.3648
330	0.09111
331	0.2868
332	0.09968
333	0.09314
334	0.3514
335	0.2378
336	0.1357
337	0.2433
338	0.02188
339	0.3751
340	0.5452
341	0.01601
342	0.1969
343	0.2429
344	0.06931
345	0.158
346	0.1419
347	0.1449
348	0.1133
349	0.3131
350	0.3603
351	0.3766
352	0.2876
353	0.1389
354	0.1502
355	0.3263
356	0.06691
357	0.303
358	0.09862
359	0.08377
360	0.1384
361	0.03339
362	0.1077
363	0.07497
364	0.4026
365	0.09606
366	0.3338
367	0.1754
368	0.05443
369	0.274
370	0.2578
371	0.242
372	0.1458
373	0.01967
374	0.08012
375	0.02617
376	0.08276
377	0.05171
378	0.03652
379	0.4476
380	0.3957
381	0.003441
382	0.375
383	0.07537
384	0.02023
385	0.1131
386	0.1588
387	0.3312
388	0.2797
389	0.2884
390	0.5462
391	0.1676
392	0.0877
393	0.2029
394	0.1037
395	0.2612
396	0.5036
397	0.01857
398	0.1983
399	0.1719
400	0.2677
401	0.2267
402	0.5485
403	0.1279
404	0.29
405	0.05012
406	0.01681
407	0.1236
408	0.1118
409	0.2706
410	0.01016
411	0.04838
412	0.04528
413	0.4109
414	0.3693
415	0.2491
416	0.12
417	0.6094
418	0.1029
419	0.08618
420	0.2269
421	0.1227
422	0.1581
423	0.03529
424	0.08061
425	0.4058
426	0.03581
427	0.1454
428	0.1837
429	0.2402
430	0.5055
431	0.09862
432	0.327
433	0.4853
434	0.07295
435	0.1222
436	0.07795
437	0.2013
438	0.04511
439	0.0444
440	0.3491
441	0.2357
442	0.1966
443	0.3243
444	0.03762
445	0.02678
446	0.1065
447	0.2281
448	0.09813
449	0.3953
450	0.5516
451	0.07649
452	0.2555
453	0.2126
454	0.05079
455	0.06502
456	0.02234
457	0.1961
458	0.01174
459	0.1177
460	0.1723
461	0.0177
462	0.1211
463	0.4882
464	0.135
465	0.3784
466	0.3023
467	0.2408
468	0.3552
469	0.1185
470	0.03593
471	0.1629
472	0.1298
473	0.09372
474	0.1399
475	0.2576
476	0.009641
477	0.06665
478	0.325
479	0.01451
480	0.2432
481	0.02959
482	0.09277
483	0.4178
484	0.4726
485	0.09934
486	0.3189
487	0.1365
488	0.2779
489	0.1004
490	0.1151
491	0.06481
492	0.2206
493	0.0403
494	0.5475
495	0.4307
496	0.062
497	0.03424
498	0.1712
499	0.002453
500	0.241
251	0.02055
252	0.3693
253	0.02695
254	0.05351
255	0.1426
256	0.01601
257	0.1571
258	0.1369
259	0.04223
260	0.1754
261	0.1759
262	0.2265
263	0.1144
264	0.2605
265	0.04149
266	0.1704
267	0.02468
268	0.6043
269	0.1647
270	0.141
271	0.1129
272	0.1002
273	0.4642
274	0.1462
275	0.1327
276	0.3681
277	0.109
278	0.04708
279	0.2264
280	0.1172
281	0.08992
282	0.01586
283	0.1032
284	0.1214
285	0.05262
286	0.07866
287	0.05268
288	0.113
289	0.02892
290	0.08514
291	0.0338
292	0.1383
293	0.09241
294	0.07543
295	0.02881
296	0.1175
297	0.1244
298	0.07091
299	0.3896
300	0.002855
301	0.04913
302	0.1106
303	0.106
304	0.01882
305	0.01695
306	0.06209
307	0.1471
308	0.0839
309	0.07422
310	0.04523
311	0.02022
312	0.155
313	0.1128
314	0.2446
315	0.0633
316	0.005047
317	0.08985
318	0.1131
319	0.05045
320	0.1272
321	0.1784
322	0.2143
323	0.1477
324	0.08876
325	0.01413
326	0.07853
327	0.04484
328	0.1035
329	0.05293
330	0.07704
331	0.05354
332	0.004404
333	0.01433
334	0.1119
335	0.04056
336	0.004562
337	0.02534
338	0.002691
339	0.03599
340	0.2137
341	0.1179
342	0.186
343	0.03466
344	0.0348
345	0.0803
346	0.2344
347	0.1287
348	0.08112
349	0.2179
350	0.1003
351	0.2677
352	0.09026
353	0.01428
354	0.1019
355	0.05708
356	0.08249
357	0.1216
358	0.02564
359	0.01039
360	0.1913
361	0.1236
362	0.03884
363	0.133
364	0.07033
365	0.04266
366	0.01891
367	0.02893
368	0.09717
369	0.08959
370	0.01982
371	0.0404
372	0.006622
373	0.2473
374	0.2254
375	0.1465
376	0.1069
377	0.03563
378	0.1171
379	0.05043
380	0.06419
381	0.1042
382	0.009633
383	0.1372
384	0.03854
385	0.146
386	0.01477
387	0.08222
388	0.1394
389	0.006064
390	0.03761
391	0.0419
392	0.3606
393	0.1305
394	0.1248
395	0.07153
396	0.07182
397	0.1998
398	0.08149
399	0.1547
400	0.2448
401	0.1703
402	0.1474
403	0.05272
404	0.2497
405	0.2051
406	0.228
407	0.05935
408	0.1314
409	0.3686
410	0.2007
411	0.04158
412	0.03611
413	0.2787
414	0.1697
415	0.2031
416	0.0932
417	0.1326
418	0.07143
419	0.004127
420	0.2071
421	0.007795
422	0.02805
423	0.08768
424	0.1743
425	0.03001
426	0.05751
427	0.05843
428	0.1861
429	0.04069
430	0.01043
431	0.1532
432	0.308
433	0.07883
434	0.2216
435	0.117
436	0.05284
437	0.2429
438	0.06529
439	0.1917
440	0.09608
441	0.07374
442	0.1878
443	0.1251
444	0.04741
445	0.03521
446	0.04592
447	0.02599
448	0.07515
449	0.1886
450	0.04096
451	0.07433
452	0.1364
453	0.1983
454	0.2629
455	0.3312
456	0.09954
457	0.1946
458	0.3132
459	0.0974
460	0.05061
461	0.2002
462	0.1491
463	0.008481
464	0.001984
465	0.07396
466	0.03791
467	0.08717
468	0.2271
469	0.1101
470	0.0155
471	0.08329
472	5.604E-4
473	0.02282
474	0.05769
475	0.119
476	0.02079
477	0.04363
478	0.1235
479	0.3319
480	0.4029
481	0.02593
482	0.1729
483	0.02525
484	0.1401
485	0.02011
486	0.001586
487	0.2104
488	0.09442
489	0.0165
490	0.09921
491	0.05874
492	0.0494
493	0.2035
494	0.03135
495	0.1679
496	0.1515
497	0.186
498	0.02865
499	0.2489
500	0.2995
